             NaN
  -1.5554195e-06
   7.0178179e-07
   2.6322910e-06
   4.2843765e-06
   5.6991476e-06
   6.9128133e-06
   7.9565187e-06
   8.8556297e-06
   9.6321667e-06
   1.0305368e-05
   1.0891660e-05
   1.1401150e-05
   1.1847090e-05
   1.2237375e-05
   1.2575146e-05
   1.2867137e-05
   1.3109686e-05
   1.3300227e-05
   1.3426385e-05
   1.3472296e-05
   1.3402383e-05
   1.3180444e-05
   1.2738309e-05
   1.1986761e-05
   1.0854756e-05
   9.1862692e-06
   6.9211936e-06
   3.9463399e-06
   2.1430777e-07
  -4.2943682e-06
  -9.5799151e-06
  -1.5642577e-05
  -2.2503635e-05
  -3.0220293e-05
  -3.8893122e-05
  -4.8667542e-05
  -5.9735101e-05
  -7.2334538e-05
  -8.6755155e-05
  -1.0334341e-04
  -1.2252095e-04
  -1.4479236e-04
  -1.7076182e-04
  -2.0119364e-04
  -2.3701206e-04
  -2.7938124e-04
  -3.2977179e-04
  -3.9006252e-04
  -4.6267803e-04
  -5.5078090e-04
  -6.5853747e-04
  -7.9148940e-04
  -9.5707364e-04
  -1.1653533e-03
  -1.4300460e-03
  -1.7699748e-03
  -2.2111265e-03
  -2.7895371e-03
  -3.5554120e-03
  -4.5789127e-03
  -5.9583542e-03
  -7.8318232e-03
  -1.0393484e-02
  -1.3916586e-02
  -1.8785743e-02
  -2.5542232e-02
  -3.4947043e-02
  -4.8068506e-02
  -6.6403389e-02
  -9.2043714e-02
  -1.2790365e-01
  -1.7802639e-01
  -2.4799797e-01
  -3.4549208e-01
  -4.8098881e-01
  -6.6869913e-01
  -9.2774696e-01
  -1.2836345e+00
  -1.7700574e+00
  -2.4310381e+00
  -3.3235293e+00
  -4.5202616e+00
  -6.1130987e+00
  -8.2166382e+00
  -1.0972447e+01
  -1.4553591e+01
  -1.9170421e+01
  -2.5077493e+01
  -3.2582983e+01
  -4.2061605e+01
  -5.3972449e+01
  -6.8884376e+01
  -8.7510204e+01
  -1.1075335e+02
  -1.3976866e+02
  -1.7604018e+02
  -2.2147805e+02
  -2.7853578e+02
  -3.5034864e+02
  -4.4089391e+02
