             NaN
  -1.5555334e-06
   7.0176559e-07
   2.6325958e-06
   4.2846453e-06
   5.6996686e-06
   6.9138938e-06
   7.9569903e-06
   8.8570382e-06
   9.6352240e-06
   1.0311374e-05
   1.0898878e-05
   1.1414161e-05
   1.1865882e-05
   1.2268007e-05
   1.2624953e-05
   1.2945362e-05
   1.3235235e-05
   1.3499830e-05
   1.3744079e-05
   1.3969574e-05
   1.4178140e-05
   1.4377375e-05
   1.4565314e-05
   1.4746671e-05
   1.4919224e-05
   1.5086379e-05
   1.5251139e-05
   1.5412384e-05
   1.5572603e-05
   1.5733170e-05
   1.5894208e-05
   1.6052181e-05
   1.6210673e-05
   1.6369501e-05
   1.6528823e-05
   1.6688411e-05
   1.6847183e-05
   1.7004546e-05
   1.7158800e-05
   1.7307473e-05
   1.7447531e-05
   1.7572768e-05
   1.7676298e-05
   1.7745436e-05
   1.7766175e-05
   1.7715696e-05
   1.7561646e-05
   1.7258054e-05
   1.6740071e-05
   1.5914716e-05
   1.4650601e-05
   1.2760980e-05
   9.9810082e-06
   5.9351643e-06
   9.1383159e-08
  -8.3019387e-06
  -2.0314149e-05
  -3.7448827e-05
  -6.1842518e-05
  -9.6496576e-05
  -1.4566215e-04
  -2.1532524e-04
  -3.1391035e-04
  -4.5326441e-04
  -6.5001980e-04
  -9.2749004e-04
  -1.3182833e-03
  -1.8678930e-03
  -2.6395773e-03
  -3.7208458e-03
  -5.2338953e-03
  -7.3431512e-03
  -1.0277089e-02
  -1.4343574e-02
  -1.9955810e-02
  -2.7664469e-02
  -3.8195023e-02
  -5.2487519e-02
  -7.1752855e-02
  -9.7510980e-02
  -1.3168754e-01
  -1.7662866e-01
  -2.3524928e-01
  -3.1104412e-01
  -4.0839524e-01
  -5.3251732e-01
  -6.8993655e-01
  -8.8830099e-01
  -1.1375670e+00
  -1.4494093e+00
  -1.8390413e+00
  -2.3249020e+00
  -2.9299707e+00
  -3.6841211e+00
  -4.6231823e+00
  -5.7951795e+00
  -7.2601716e+00
  -9.0955688e+00
  -1.1400671e+01
  -1.4303121e+01
