  -1.0000000e+02
  -9.9998273e+01
  -9.9996218e+01
  -9.9993773e+01
  -9.9990864e+01
  -9.9987402e+01
  -9.9983282e+01
  -9.9978381e+01
  -9.9972549e+01
  -9.9965609e+01
  -9.9957353e+01
  -9.9947530e+01
  -9.9935843e+01
  -9.9921939e+01
  -9.9905398e+01
  -9.9885723e+01
  -9.9862319e+01
  -9.9834484e+01
  -9.9801380e+01
  -9.9762016e+01
  -9.9715213e+01
  -9.9659576e+01
  -9.9593450e+01
  -9.9514875e+01
  -9.9421533e+01
  -9.9310686e+01
  -9.9179101e+01
  -9.9022970e+01
  -9.8837817e+01
  -9.8618387e+01
  -9.8358534e+01
  -9.8051093e+01
  -9.7687737e+01
  -9.7258843e+01
  -9.6753346e+01
  -9.6158617e+01
  -9.5460356e+01
  -9.4642535e+01
  -9.3687413e+01
  -9.2575653e+01
  -9.1286574e+01
  -8.9798602e+01
  -8.8089936e+01
  -8.6139493e+01
  -8.3928140e+01
  -8.1440207e+01
  -7.8665237e+01
  -7.5599848e+01
  -7.2249549e+01
  -6.8630246e+01
  -6.4769191e+01
  -6.0705091e+01
  -5.6487192e+01
  -5.2173281e+01
  -4.7826719e+01
  -4.3512808e+01
  -3.9294909e+01
  -3.5230809e+01
  -3.1369754e+01
  -2.7750451e+01
  -2.4400152e+01
  -2.1334763e+01
  -1.8559793e+01
  -1.6071860e+01
  -1.3860507e+01
  -1.1910064e+01
  -1.0201398e+01
  -8.7134259e+00
  -7.4243473e+00
  -6.3125866e+00
  -5.3574652e+00
  -4.5396443e+00
  -3.8413828e+00
  -3.2466538e+00
  -2.7411573e+00
  -2.3122628e+00
  -1.9489070e+00
  -1.6414655e+00
  -1.3816134e+00
  -1.1621834e+00
  -9.7702971e-01
  -8.2089914e-01
  -6.8931411e-01
  -5.7846676e-01
  -4.8512501e-01
  -4.0654994e-01
  -3.4042361e-01
  -2.8478662e-01
  -2.3798419e-01
  -1.9861992e-01
  -1.6551625e-01
  -1.3768070e-01
  -1.1427717e-01
  -9.4601606e-02
  -7.8061310e-02
  -6.4157486e-02
  -5.2470458e-02
  -4.2647186e-02
  -3.4390736e-02
  -2.7451398e-02
  -2.1619202e-02
  -1.6717607e-02
  -1.2598195e-02
  -9.1361972e-03
  -6.2267325e-03
  -3.7816417e-03
  -1.7268246e-03
   0.0000000e+00
