   2.2204460e-16
   1.2000000e-02
   2.4000000e-02
   3.6000000e-02
   4.8000000e-02
   6.0000000e-02
   7.2000000e-02
   8.4000000e-02
   9.6000000e-02
   1.0800000e-01
   1.2000000e-01
   1.3200000e-01
   1.4400000e-01
   1.5600000e-01
   1.6800000e-01
   1.8000000e-01
   1.9200000e-01
   2.0400000e-01
   2.1600000e-01
   2.2800000e-01
   2.4000000e-01
   2.5200000e-01
   2.6400000e-01
   2.7600000e-01
   2.8800000e-01
   3.0000000e-01
   3.1200000e-01
   3.2400000e-01
   3.3600000e-01
   3.4800000e-01
   3.6000000e-01
   3.7200000e-01
   3.8400000e-01
   3.9600000e-01
   4.0800000e-01
   4.2000000e-01
   4.3200000e-01
   4.4400000e-01
   4.5600000e-01
   4.6800000e-01
   4.8000000e-01
   4.9200000e-01
   5.0400000e-01
   5.1600000e-01
   5.2800000e-01
   5.4000000e-01
   5.5200000e-01
   5.6400000e-01
   5.7600000e-01
   5.8800000e-01
   6.0000000e-01
   6.1200000e-01
   6.2400000e-01
   6.3600000e-01
   6.4800000e-01
   6.6000000e-01
   6.7200000e-01
   6.8400000e-01
   6.9600000e-01
   7.0800000e-01
   7.2000000e-01
   7.3200000e-01
   7.4400000e-01
   7.5600000e-01
   7.6800000e-01
   7.8000000e-01
   7.9200000e-01
   8.0400000e-01
   8.1600000e-01
   8.2800000e-01
   8.4000000e-01
   8.5200000e-01
   8.6400000e-01
   8.7600000e-01
   8.8800000e-01
   9.0000000e-01
   9.1200000e-01
   9.2400000e-01
   9.3600000e-01
   9.4800000e-01
   9.6000000e-01
   9.7200000e-01
   9.8400000e-01
   9.9600000e-01
   1.0080000e+00
   1.0200000e+00
   1.0320000e+00
   1.0440000e+00
   1.0560000e+00
   1.0680000e+00
   1.0800000e+00
   1.0920000e+00
   1.1040000e+00
   1.1160000e+00
   1.1280000e+00
   1.1400000e+00
   1.1520000e+00
   1.1640000e+00
   1.1760000e+00
   1.1880000e+00
   1.2000000e+00
