   0.0000000e+00
   1.7316592e-03
   3.5457787e-03
   5.4462844e-03
   7.4372890e-03
   9.5231010e-03
   1.1708234e-02
   1.3997416e-02
   1.6395600e-02
   1.8907975e-02
   2.1539977e-02
   2.4297300e-02
   2.7185910e-02
   3.0212055e-02
   3.3382282e-02
   3.6703448e-02
   4.0182738e-02
   4.3827675e-02
   4.7646145e-02
   5.1646404e-02
   5.5837104e-02
   6.0227307e-02
   6.4826505e-02
   6.9644643e-02
   7.4692137e-02
   7.9979899e-02
   8.5519360e-02
   9.1322492e-02
   9.7401838e-02
   1.0377054e-01
   1.1044235e-01
   1.1743169e-01
   1.2475366e-01
   1.3242408e-01
   1.4045952e-01
   1.4887732e-01
   1.5769567e-01
   1.6693361e-01
   1.7661108e-01
   1.8674898e-01
   1.9736917e-01
   2.0849458e-01
   2.2014922e-01
   2.3235822e-01
   2.4514792e-01
   2.5854589e-01
   2.7258103e-01
   2.8728358e-01
   3.0268523e-01
   3.1881917e-01
   3.3572015e-01
   3.5342456e-01
   3.7197052e-01
   3.9139796e-01
   4.1174867e-01
   4.3306643e-01
   4.5539709e-01
   4.7878865e-01
   5.0329137e-01
   5.2895790e-01
   5.5584335e-01
   5.8400544e-01
   6.1350458e-01
   6.4440405e-01
   6.7677010e-01
   7.1067206e-01
   7.4618255e-01
   7.8337758e-01
   8.2233672e-01
   8.6314327e-01
   9.0588443e-01
   9.5065148e-01
   9.9753994e-01
   1.0466498e+00
   1.0980858e+00
   1.1519573e+00
   1.2083790e+00
   1.2674710e+00
   1.3293586e+00
   1.3941732e+00
   1.4620522e+00
   1.5331395e+00
   1.6075853e+00
   1.6855470e+00
   1.7671893e+00
   1.8526841e+00
   1.9422116e+00
   2.0359599e+00
   2.1341260e+00
   2.2369157e+00
   2.3445442e+00
   2.4572364e+00
   2.5752275e+00
   2.6987632e+00
   2.8281004e+00
   2.9635075e+00
   3.1052648e+00
   3.2536653e+00
   3.4090150e+00
   3.5716332e+00
   3.7418538e+00
   3.9200250e+00
   4.1065106e+00
   4.3016898e+00
   4.5059590e+00
   4.7197310e+00
   4.9434371e+00
   5.1775265e+00
   5.4224679e+00
   5.6787497e+00
   5.9468811e+00
   6.2273924e+00
   6.5208361e+00
   6.8277873e+00
   7.1488450e+00
   7.4846323e+00
   7.8357976e+00
   8.2030151e+00
   8.5869858e+00
   8.9884382e+00
   9.4081289e+00
   9.8468437e+00
   1.0305398e+01
   1.0784638e+01
   1.1285441e+01
   1.1808716e+01
   1.2355406e+01
   1.2926484e+01
   1.3522960e+01
   1.4145877e+01
   1.4796313e+01
   1.5475380e+01
   1.6184227e+01
   1.6924039e+01
   1.7696033e+01
   1.8501467e+01
   1.9341631e+01
   2.0217851e+01
   2.1131488e+01
   2.2083937e+01
   2.3076628e+01
   2.4111022e+01
   2.5188611e+01
   2.6310918e+01
   2.7479493e+01
   2.8695912e+01
   2.9961777e+01
   3.1278710e+01
   3.2648350e+01
   3.4072354e+01
   3.5552389e+01
   3.7090130e+01
   3.8687256e+01
   4.0345443e+01
   4.2066362e+01
   4.3851672e+01
   4.5703013e+01
   4.7621999e+01
   4.9610216e+01
   5.1669208e+01
   5.3800474e+01
   5.6005457e+01
   5.8285536e+01
   6.0642019e+01
   6.3076133e+01
   6.5589010e+01
   6.8181684e+01
   7.0855075e+01
   7.3609984e+01
   7.6447076e+01
   7.9366877e+01
   8.2369757e+01
   8.5455923e+01
   8.8625410e+01
   9.1878068e+01
   9.5213556e+01
   9.8631329e+01
   1.0213064e+02
   1.0571051e+02
   1.0936974e+02
   1.1310693e+02
   1.1692041e+02
   1.2080829e+02
   1.2476843e+02
   1.2879848e+02
   1.3289581e+02
   1.3705759e+02
   1.4128074e+02
   1.4556195e+02
   1.4989771e+02
   1.5428429e+02
   1.5871775e+02
   1.6319398e+02
   1.6770870e+02
   1.7225744e+02
   1.7683563e+02
   1.8143854e+02
   1.8606137e+02
   1.9069921e+02
   1.9534709e+02
   2.0000000e+02
   2.0465291e+02
   2.0930079e+02
   2.1393863e+02
   2.1856146e+02
   2.2316437e+02
   2.2774256e+02
   2.3229130e+02
   2.3680602e+02
   2.4128225e+02
   2.4571571e+02
   2.5010229e+02
   2.5443805e+02
   2.5871926e+02
   2.6294241e+02
   2.6710419e+02
   2.7120152e+02
   2.7523157e+02
   2.7919171e+02
   2.8307959e+02
   2.8689307e+02
   2.9063026e+02
   2.9428949e+02
   2.9786936e+02
   3.0136867e+02
   3.0478644e+02
   3.0812193e+02
   3.1137459e+02
   3.1454408e+02
   3.1763024e+02
   3.2063312e+02
   3.2355292e+02
   3.2639002e+02
   3.2914492e+02
   3.3181832e+02
   3.3441099e+02
   3.3692387e+02
   3.3935798e+02
   3.4171446e+02
   3.4399454e+02
   3.4619953e+02
   3.4833079e+02
   3.5038978e+02
   3.5237800e+02
   3.5429699e+02
   3.5614833e+02
   3.5793364e+02
   3.5965456e+02
   3.6131274e+02
   3.6290987e+02
   3.6444761e+02
   3.6592765e+02
   3.6735165e+02
   3.6872129e+02
   3.7003822e+02
   3.7130409e+02
   3.7252051e+02
   3.7368908e+02
   3.7481139e+02
   3.7588898e+02
   3.7692337e+02
   3.7791606e+02
   3.7886851e+02
   3.7978215e+02
   3.8065837e+02
   3.8149853e+02
   3.8230397e+02
   3.8307596e+02
   3.8381577e+02
   3.8452462e+02
   3.8520369e+02
   3.8585412e+02
   3.8647704e+02
   3.8707352e+02
   3.8764459e+02
   3.8819128e+02
   3.8871456e+02
   3.8921536e+02
   3.8969460e+02
   3.9015316e+02
   3.9059187e+02
   3.9101156e+02
   3.9141301e+02
   3.9179698e+02
   3.9216420e+02
   3.9251537e+02
   3.9285116e+02
   3.9317221e+02
   3.9347916e+02
   3.9377261e+02
   3.9405312e+02
   3.9432125e+02
   3.9457753e+02
   3.9482247e+02
   3.9505656e+02
   3.9528027e+02
   3.9549404e+02
   3.9569831e+02
   3.9589349e+02
   3.9607997e+02
   3.9625815e+02
   3.9642837e+02
   3.9659099e+02
   3.9674633e+02
   3.9689474e+02
   3.9703649e+02
   3.9717190e+02
   3.9730124e+02
   3.9742477e+02
   3.9754276e+02
   3.9765546e+02
   3.9776308e+02
   3.9786587e+02
   3.9796404e+02
   3.9805779e+02
   3.9814732e+02
   3.9823281e+02
   3.9831445e+02
   3.9839241e+02
   3.9846686e+02
   3.9853795e+02
   3.9860583e+02
   3.9867064e+02
   3.9873253e+02
   3.9879162e+02
   3.9884804e+02
   3.9890191e+02
   3.9895335e+02
   3.9900246e+02
   3.9904935e+02
   3.9909412e+02
   3.9913686e+02
   3.9917766e+02
   3.9921662e+02
   3.9925382e+02
   3.9928933e+02
   3.9932323e+02
   3.9935560e+02
   3.9938650e+02
   3.9941599e+02
   3.9944416e+02
   3.9947104e+02
   3.9949671e+02
   3.9952121e+02
   3.9954460e+02
   3.9956693e+02
   3.9958825e+02
   3.9960860e+02
   3.9962803e+02
   3.9964658e+02
   3.9966428e+02
   3.9968118e+02
   3.9969731e+02
   3.9971272e+02
   3.9972742e+02
   3.9974145e+02
   3.9975485e+02
   3.9976764e+02
   3.9977985e+02
   3.9979151e+02
   3.9980263e+02
   3.9981325e+02
   3.9982339e+02
   3.9983307e+02
   3.9984230e+02
   3.9985112e+02
   3.9985954e+02
   3.9986758e+02
   3.9987525e+02
   3.9988257e+02
   3.9988956e+02
   3.9989623e+02
   3.9990260e+02
   3.9990868e+02
   3.9991448e+02
   3.9992002e+02
   3.9992531e+02
   3.9993036e+02
   3.9993517e+02
   3.9993977e+02
   3.9994416e+02
   3.9994835e+02
   3.9995235e+02
   3.9995617e+02
   3.9995982e+02
   3.9996330e+02
   3.9996662e+02
   3.9996979e+02
   3.9997281e+02
   3.9997570e+02
   3.9997846e+02
   3.9998109e+02
   3.9998360e+02
   3.9998600e+02
   3.9998829e+02
   3.9999048e+02
   3.9999256e+02
   3.9999455e+02
   3.9999645e+02
   3.9999827e+02
   4.0000000e+02
