   4.0000000e+02
   4.0000173e+02
   4.0000362e+02
   4.0000569e+02
   4.0000796e+02
   4.0001044e+02
   4.0001316e+02
   4.0001614e+02
   4.0001940e+02
   4.0002297e+02
   4.0002688e+02
   4.0003117e+02
   4.0003585e+02
   4.0004099e+02
   4.0004661e+02
   4.0005277e+02
   4.0005950e+02
   4.0006688e+02
   4.0007497e+02
   4.0008381e+02
   4.0009350e+02
   4.0010411e+02
   4.0011572e+02
   4.0012844e+02
   4.0014236e+02
   4.0015761e+02
   4.0017430e+02
   4.0019257e+02
   4.0021258e+02
   4.0023448e+02
   4.0025846e+02
   4.0028471e+02
   4.0031345e+02
   4.0034491e+02
   4.0037934e+02
   4.0041704e+02
   4.0045831e+02
   4.0050347e+02
   4.0055291e+02
   4.0060701e+02
   4.0066623e+02
   4.0073103e+02
   4.0080194e+02
   4.0087953e+02
   4.0096443e+02
   4.0105731e+02
   4.0115892e+02
   4.0127007e+02
   4.0139163e+02
   4.0152459e+02
   4.0166997e+02
   4.0182892e+02
   4.0200269e+02
   4.0219263e+02
   4.0240020e+02
   4.0262700e+02
   4.0287475e+02
   4.0314534e+02
   4.0344079e+02
   4.0376331e+02
   4.0411527e+02
   4.0449923e+02
   4.0491796e+02
   4.0537443e+02
   4.0587183e+02
   4.0641361e+02
   4.0700341e+02
   4.0764516e+02
   4.0834302e+02
   4.0910142e+02
   4.0992504e+02
   4.1081882e+02
   4.1178795e+02
   4.1283787e+02
   4.1397421e+02
   4.1520282e+02
   4.1652972e+02
   4.1796103e+02
   4.1950298e+02
   4.2116178e+02
   4.2294361e+02
   4.2485450e+02
   4.2690024e+02
   4.2908628e+02
   4.3141760e+02
   4.3389862e+02
   4.3653300e+02
   4.3932354e+02
   4.4227201e+02
   4.4537904e+02
   4.4864391e+02
   4.5206450e+02
   4.5563714e+02
   4.5935649e+02
   4.6321554e+02
   4.6720555e+02
   4.7131604e+02
   4.7553489e+02
   4.7984841e+02
   4.8424151e+02
   4.8869786e+02
   4.9320014e+02
   4.9773027e+02
   5.0226973e+02
   5.0679986e+02
   5.1130214e+02
   5.1575849e+02
   5.2015159e+02
   5.2446511e+02
   5.2868396e+02
   5.3279445e+02
   5.3678446e+02
   5.4064351e+02
   5.4436286e+02
   5.4793550e+02
   5.5135609e+02
   5.5462096e+02
   5.5772799e+02
   5.6067646e+02
   5.6346700e+02
   5.6610138e+02
   5.6858240e+02
   5.7091372e+02
   5.7309976e+02
   5.7514550e+02
   5.7705639e+02
   5.7883822e+02
   5.8049702e+02
   5.8203897e+02
   5.8347028e+02
   5.8479718e+02
   5.8602579e+02
   5.8716213e+02
   5.8821205e+02
   5.8918118e+02
   5.9007496e+02
   5.9089858e+02
   5.9165698e+02
   5.9235484e+02
   5.9299659e+02
   5.9358639e+02
   5.9412817e+02
   5.9462557e+02
   5.9508204e+02
   5.9550077e+02
   5.9588473e+02
   5.9623669e+02
   5.9655921e+02
   5.9685466e+02
   5.9712525e+02
   5.9737300e+02
   5.9759980e+02
   5.9780737e+02
   5.9799731e+02
   5.9817108e+02
   5.9833003e+02
   5.9847541e+02
   5.9860837e+02
   5.9872993e+02
   5.9884108e+02
   5.9894269e+02
   5.9903557e+02
   5.9912047e+02
   5.9919806e+02
   5.9926897e+02
   5.9933377e+02
   5.9939299e+02
   5.9944709e+02
   5.9949653e+02
   5.9954169e+02
   5.9958296e+02
   5.9962066e+02
   5.9965509e+02
   5.9968655e+02
   5.9971529e+02
   5.9974154e+02
   5.9976552e+02
   5.9978742e+02
   5.9980743e+02
   5.9982570e+02
   5.9984239e+02
   5.9985764e+02
   5.9987156e+02
   5.9988428e+02
   5.9989589e+02
   5.9990650e+02
   5.9991619e+02
   5.9992503e+02
   5.9993312e+02
   5.9994050e+02
   5.9994723e+02
   5.9995339e+02
   5.9995901e+02
   5.9996415e+02
   5.9996883e+02
   5.9997312e+02
   5.9997703e+02
   5.9998060e+02
   5.9998386e+02
   5.9998684e+02
   5.9998956e+02
   5.9999204e+02
   5.9999431e+02
   5.9999638e+02
   5.9999827e+02
   6.0000000e+02
