0.0	0.0	0.0	-5.020000000777774
1.3596491228070177e-9	0.0	0.0	-5.0200000007775705
2.7192982456140354e-9	0.0	0.0	-5.02000000077707
4.078947368421053e-9	0.0	0.0	-5.020000000775541
5.438596491228071e-9	0.0	0.0	-5.020000000770739
6.798245614035089e-9	0.0	0.0	-5.020000000755629
8.157894736842106e-9	0.0	0.0	-5.020000000708072
9.517543859649124e-9	0.0	0.0	-5.020000000558384
1.0877192982456142e-8	0.0	0.0	-5.020000000087229
1.223684210526316e-8	0.0	0.0	-5.019999998604235
1.3596491228070178e-8	0.0	0.0	-5.019999993936404
1.4956140350877195e-8	0.0	0.0	-5.019999979244064
1.631578947368421e-8	0.0	0.0	-5.019999932998863
1.767543859649123e-8	0.0	0.0	-5.019999787438837
1.9035087719298247e-8	0.0	0.0	-5.019999329279223
2.0394736842105267e-8	0.0	0.0	-5.01999788720024
2.164667081966605e-8	0.0	0.0	-5.019993820807818
2.2563548070674544e-8	0.0	0.0	-5.019985972991608
2.342173436554579e-8	0.0	0.0	-5.019970161042579
2.4224986617572727e-8	0.0	0.0	-5.01993958814824
2.4976821253294967e-8	0.0	0.0	-5.019883012498811
2.5680529606486908e-8	0.0	0.0	-5.019782676270947
2.633919232674906e-8	0.0	0.0	-5.019611800201175
2.695569286577962e-8	0.0	0.0	-5.019331819683196
2.7532730100365625e-8	0.0	0.0	-5.018889720731546
2.8072830147353843e-8	0.0	0.0	-5.018216050751206
2.8578357422324166e-8	0.0	0.0	-5.017224391345332
2.9051524990377522e-8	0.0	0.0	-5.015813205001453
2.949440425435131e-8	0.0	0.0	-5.013870869801261
2.990893402287476e-8	0.0	0.0	-5.0112842441327645
3.0296928997961864e-8	0.0	0.0	-5.007950191027843
3.066008771929825e-8	0.0	0.0	-5.003788313467326
3.1000000000000006e-8	0.0	0.0	-4.998752197974672
3.1555967383246854e-8	0.0	0.0	-4.997130942620861
3.213859799431375e-8	0.0	0.0	-4.995431935128025
3.2749170555189054e-8	0.0	0.0	-4.993651446651566
3.3389025113141625e-8	0.0	0.0	-4.991785569516865
3.405956598177441e-8	0.0	0.0	-4.989830208642732
3.476226482312601e-8	0.0	0.0	-4.9877810725535445
3.5498663877584374e-8	0.0	0.0	-4.985633663960335
3.627037934870161e-8	0.0	0.0	-4.983383269890184
3.7079104950338526e-8	0.0	0.0	-4.98102495134224
3.7926615623924104e-8	0.0	0.0	-4.978553532447677
3.88147714339883e-8	0.0	0.0	-4.975963589109801
3.974552165051774e-8	0.0	0.0	-4.973249437099384
4.072090902709412e-8	0.0	0.0	-4.970405119579095
4.1743074284204736e-8	0.0	0.0	-4.967424394029654
4.2814260807564645e-8	0.0	0.0	-4.964300718549033
4.3936819571762324e-8	0.0	0.0	-4.961027237494622
4.51132143000347e-8	0.0	0.0	-4.957596766436853
4.634602687149608e-8	0.0	0.0	-4.954001776391284
4.7637962987688294e-8	0.0	0.0	-4.950234377294501
4.8991858110888796e-8	0.0	0.0	-4.946286300687622
5.041068368720961e-8	0.0	0.0	-4.942148881569332
5.189755366814533e-8	0.0	0.0	-4.93781303937869
5.345573134488318e-8	0.0	0.0	-4.933269258065908
5.5088636510374634e-8	0.0	0.0	-4.928507565207388
5.679985296488768e-8	0.0	0.0	-4.923517510119164
5.85931363815121e-8	0.0	0.0	-4.918288140920706
6.047242254888085e-8	0.0	0.0	-4.912807980498731
6.244183600919792e-8	0.0	0.0	-4.907065001318276
6.450569911053103e-8	0.0	0.0	-4.9010465990257215
6.666854149323642e-8	0.0	0.0	-4.894739564785821
6.893511003133628e-8	0.0	0.0	-4.888130056292041
7.131037925066703e-8	0.0	0.0	-4.881203567386541
7.37995622466641e-8	0.0	0.0	-4.873944896223144
7.640812212574455e-8	0.0	0.0	-4.866338111903406
7.914178399539854e-8	0.0	0.0	-4.858366519512553
8.200654752930459e-8	0.0	0.0	-4.850012623478558
8.500870013504613e-8	0.0	0.0	-4.84125808917395
8.815483075332847e-8	0.0	0.0	-4.832083702676064
9.145184431898264e-8	0.0	0.0	-4.822469328597446
9.490697691549323e-8	0.0	0.0	-4.812393865893849
9.852781165631164e-8	0.0	0.0	-4.8018352015528585
1.0232229532780894e-7	0.0	0.0	-4.790770162061486
1.0629875583039603e-7	0.0	0.0	-4.779174462546254
1.1046592045608955e-7	0.0	0.0	-4.767022653474126
1.1483293504263795e-7	0.0	0.0	-4.754288064797324
1.1940938404624617e-7	0.0	0.0	-4.740942747419442
1.2420531157695317e-7	0.0	0.0	-4.726957411854405
1.292312434428297e-7	0.0	0.0	-4.712301363943618
1.3449821025137726e-7	0.0	0.0	-4.696942437490259
1.4001777161882998e-7	0.0	0.0	-4.680846923662827
1.4580204154049248e-7	0.0	0.0	-4.663979497013033
1.5186371497779502e-7	0.0	0.0	-4.646303137945644
1.5821609572041753e-7	0.0	0.0	-4.627779051470123
1.6487312558463244e-7	0.0	0.0	-4.608366582055744
1.7184941501194935e-7	0.0	0.0	-4.58802312440332
1.791602751352175e-7	0.0	0.0	-4.566704029937682
1.8682175138256246e-7	0.0	0.0	-4.544362508815708
1.948506586929093e-7	0.0	0.0	-4.5209495272348
2.0326461842038095e-7	0.0	0.0	-4.496413699816379
2.1208209700856712e-7	0.0	0.0	-4.470701176828059
2.21322446519544e-7	0.0	0.0	-4.443755525996458
2.3100000000000002e-7	0.0	0.0	-4.415534950921813
2.405502288788903e-7	0.0	0.0	-4.387685665260909
2.492350181700356e-7	0.0	0.0	-4.362360075503986
2.5713446851099913e-7	0.0	0.0	-4.339324601236055
2.643195957026249e-7	0.0	0.0	-4.318372154126177
2.7085499380394933e-7	0.0	0.0	-4.2993143720759095
2.767994158306847e-7	0.0	0.0	-4.2819799258115445
2.8220630194291333e-7	0.0	0.0	-4.266212978607949
2.871242598703834e-7	0.0	0.0	-4.251871785307048
2.9159750189441346e-7	0.0	0.0	-4.23882741804515
2.956662423148591e-7	0.0	0.0	-4.226962607238544
2.9936705897535673e-7	0.0	0.0	-4.216170687407451
3.0273322209694414e-7	0.0	0.0	-4.206354638354974
3.057949933762628e-7	0.0	0.0	-4.197426213070307
3.0857989803722273e-7	0.0	0.0	-4.189305144502717
3.1111297228186797e-7	0.0	0.0	-4.181918424062111
3.1341698836501576e-7	0.0	0.0	-4.175199645349331
3.155126593160846e-7	0.0	0.0	-4.169088407209628
3.17418825148553e-7	0.0	0.0	-4.163529770740515
3.1915262223106564e-7	0.0	0.0	-4.158473765374249
3.2072963734282896e-7	0.0	0.0	-4.153874939599451
3.221640477982472e-7	0.0	0.0	-4.149691952289512
3.2346874890051665e-7	0.0	0.0	-4.145887200971204
3.246554698699806e-7	0.0	0.0	-4.142426483698656
3.2573487928943747e-7	0.0	0.0	-4.139278691499011
3.267166810143522e-7	0.0	0.0	-4.136415528629557
3.2760970141020036e-7	0.0	0.0	-4.133811258134667
3.2842196870120565e-7	0.0	0.0	-4.131442470416951
3.2916078514381376e-7	0.0	0.0	-4.1292878727427675
3.298327926737397e-7	0.0	0.0	-4.127328097789496
3.3044403261675317e-7	0.0	0.0	-4.125545529512522
3.3100000000000004e-7	0.0	0.0	-4.123924144765223
3.3156578947368424e-7	0.0	0.0	-4.111475592279788
3.3217707235997584e-7	0.0	0.0	-4.098479412250116
3.3283750664596523e-7	0.0	0.0	-4.084967306221913
3.335510444463713e-7	0.0	0.0	-4.070986094006313
3.3432195565345007e-7	0.0	0.0	-4.056600923774611
3.351548534885213e-7	0.0	0.0	-4.0418989531139
3.3605472210801504e-7	0.0	0.0	-4.026993440120922
3.3702694642923737e-7	0.0	0.0	-4.012028020893384
3.3807734435433444e-7	0.0	0.0	-3.997180621280143
3.392122015852882e-7	0.0	0.0	-3.9826658508721717
3.404383092382797e-7	0.0	0.0	-3.9687337778908813
3.417630044825097e-7	0.0	0.0	-3.9556618225603346
3.4319421444666253e-7	0.0	0.0	-3.943735855101403
3.4474050365575605e-7	0.0	0.0	-3.9332180445848466
3.464111252822443e-7	0.0	0.0	-3.9243043688518986
3.482160765180653e-7	0.0	0.0	-3.9170832995866713
3.501661583989878e-7	0.0	0.0	-3.9115131632813407
3.522730404392509e-7	0.0	0.0	-3.907431136950636
3.545493304632798e-7	0.0	0.0	-3.9045917439318
3.570086500523568e-7	0.0	0.0	-3.9027184724474426
3.596666666666667e-7	0.0	0.0	-3.9015494757533844
3.6102631578947375e-7	0.0	0.0	-3.901151775975891
3.6238596491228077e-7	0.0	0.0	-3.900855608276904
3.637456140350878e-7	0.0	0.0	-3.9006352951859333
3.651052631578948e-7	0.0	0.0	-3.900471544046135
3.6646491228070184e-7	0.0	0.0	-3.9003499083962225
3.678245614035088e-7	0.0	0.0	-3.900259597903252
3.6918421052631583e-7	0.0	0.0	-3.900192568192949
3.7054385964912286e-7	0.0	0.0	-3.900142830422717
3.719035087719299e-7	0.0	0.0	-3.900105930670451
3.732631578947369e-7	0.0	0.0	-3.9000785590927265
3.746228070175439e-7	0.0	0.0	-3.900058257453007
3.7598245614035095e-7	0.0	0.0	-3.9000432007827497
3.7734210526315797e-7	0.0	0.0	-3.900032034671812
3.78701754385965e-7	0.0	0.0	-3.900023754172505
3.8006140350877196e-7	0.0	0.0	-3.900017613761247
3.81421052631579e-7	0.0	0.0	-3.90001306044018
3.82780701754386e-7	0.0	0.0	-3.900009684058009
3.8414035087719303e-7	0.0	0.0	-3.90000718043238
3.8550000000000006e-7	0.0	0.0	-3.900005323982979
3.868596491228071e-7	0.0	0.0	-3.9000039474269044
3.882192982456141e-7	0.0	0.0	-3.900002926716235
3.8957894736842113e-7	0.0	0.0	-3.900002169865682
3.9093859649122815e-7	0.0	0.0	-3.900001608666385
3.9229824561403517e-7	0.0	0.0	-3.900001192540672
3.936578947368422e-7	0.0	0.0	-3.9000008839848097
3.9501754385964917e-7	0.0	0.0	-3.900000655189514
3.963771929824562e-7	0.0	0.0	-3.9000004855338846
3.977368421052632e-7	0.0	0.0	-3.900000359727052
3.9909649122807024e-7	0.0	0.0	-3.900000266430126
4.0045614035087726e-7	0.0	0.0	-3.900000197234276
4.018157894736843e-7	0.0	0.0	-3.9000001459028777
4.031754385964913e-7	0.0	0.0	-3.9000001078094195
4.0453508771929833e-7	0.0	0.0	-3.900000079520522
4.058947368421053e-7	0.0	0.0	-3.900000058486493
4.072543859649123e-7	0.0	0.0	-3.900000042811522
4.0861403508771934e-7	0.0	0.0	-3.900000031082813
4.0997368421052637e-7	0.0	0.0	-3.9000000222432494
4.113333333333334e-7	0.0	0.0	-3.900000015496115
4.126929824561404e-7	0.0	0.0	-3.900000010233285
4.1405263157894744e-7	0.0	0.0	-3.9000000059804156
4.1541228070175446e-7	0.0	0.0	-3.900000002354193
4.167719298245615e-7	0.0	0.0	-3.899999999027783
