0.0	1.5	1.5	1.5200748151210246
3.663003663003663e-8	0.18516126135081687	1.4993779545622294	1.5193699201265625
7.326007326007326e-8	0.1668870801435573	1.498758041515261	1.5186695962980585
1.0989010989010988e-7	0.15604918775711094	1.4981403626183905	1.5179738443080433
1.465201465201465e-7	0.14825538631747223	1.4975250169360124	1.517282653108013
1.8315018315018315e-7	0.1421292287855965	1.4969121011706963	1.516596014655095
2.1978021978021976e-7	0.13705762583313663	1.4963017098067315	1.5159139237538506
2.564102564102564e-7	0.13271355158762746	1.4956939352436456	1.5152363778676121
2.93040293040293e-7	0.12890181375063478	1.4950888679211336	1.5145633769459577
3.2967032967032963e-7	0.1254965210333987	1.4944865964361576	1.5138949232668688
3.663003663003663e-7	0.12241172649497063	1.4938872076528953	1.5132310212921523
4.029304029304029e-7	0.11958613761307069	1.493290786806151	1.5125716775348605
4.395604395604395e-7	0.11697450750926715	1.492697417598778	1.5119169004375848
4.761904761904762e-7	0.11454248388144314	1.4921071822936023	1.5112667002606208
5.128205128205128e-7	0.11226337232074465	1.491520161800302	1.510621088979112
5.494505494505494e-7	0.11011601899593733	1.4909364357576371	1.5099800801883654
5.86080586080586e-7	0.1080833780627626	1.4903560826114033	1.5093436890166272
6.227106227106227e-7	0.1061515141407261	1.489779179688437	1.5087119320446665
6.593406593406593e-7	0.10430889034182145	1.4892058032669775	1.5080848272315936
6.959706959706959e-7	0.10254584904820589	1.4886360286436564	1.5074623938463825
7.326007326007326e-7	0.10085422602237458	1.4880699301973714	1.5068446524046304
7.692307692307691e-7	0.0992270587614314	1.4875075814502705	1.506231624610126
8.058608058608058e-7	0.09765836275578907	1.486949055126056	1.5056233333008362
8.424908424908425e-7	0.09614295752015681	1.486394423205805	1.5050198023989663
8.79120879120879e-7	0.09467632967349374	1.4858437569814806	1.50442105686477
9.157509157509157e-7	0.09325452398461402	1.4852971271072968	1.5038271226538213
9.523809523809523e-7	0.09187405579657618	1.4847546036490888	1.5032380266774843
9.89010989010989e-7	0.0905318399848436	1.484216256131827	1.5026537967663396
1.0256410256410257e-6	0.0892251328387339	1.4836821535854006	1.5020744616363455
1.0622710622710622e-6	0.08795148414329743	1.4831523645887932	1.501500050857537
1.0989010989010988e-6	0.08670869738543453	1.4826269573127573	1.5009305948250704
1.1355311355311355e-6	0.08549479648495122	1.4821059995610906	1.5003661247324542
1.172161172161172e-6	0.08430799780692515	1.4815895588106085	1.4998066725468002
1.2087912087912087e-6	0.08314668647980301	1.4810777022499035	1.499252270985959
1.2454212454212454e-6	0.08200939624763465	1.48057049681697	1.4987029534974055
1.282051282051282e-6	0.08089479224150779	1.4800680092357752	1.4981587542385058
1.3186813186813185e-6	0.07980165617473087	1.479570306052706	1.497619707970246
1.4489815756001487e-6	0.07607244352395509	1.477839006829528	1.4957440097296268
1.5453221788003799e-6	0.07345593636573951	1.4766003803465402	1.4944005424787408
1.625572324756157e-6	0.07135711256822437	1.4755964219311832	1.4933101152558823
1.6924193831302745e-6	0.06965992338613658	1.4747799579428602	1.4924220120052463
1.7481018888759349e-6	0.06827921836543335	1.4741139147477265	1.491696446296077
1.7944845049779477e-6	0.06715078634199902	1.4735690448059666	1.4911020343370978
1.8331204651894606e-6	0.06622520805871238	1.4731221732381155	1.4906138848409964
1.865303587809852e-6	0.06546385219471575	1.472754851302416	1.4902121505969879
1.8921116023105634e-6	0.06483615333455693	1.4724523233735285	1.489880925802314
1.914442239705426e-6	0.06431769648286402	1.4722027334228316	1.489607402635169
1.933043295238561e-6	0.06388883078709344	1.4719965136867914	1.489381222636119
1.94853767011146e-6	0.06353364289358034	1.4718259117489938	1.4891939750521206
1.9614442308318593e-6	0.06323918205073033	1.4716846228703755	1.4890388109996224
1.9721951847100125e-6	0.06299486666174765	1.4715675022039727	1.488910305947223
1.981150553362755e-6	0.0627920396760672	1.4714703305797414	1.4888084195841718
1.988610228905544e-6	0.06262385884601433	1.4713895138124544	1.4888113974436463
1.9948240165631467e-6	0.06248757332016906	1.4713206484683858	1.4899623471734407
2.0e-6	0.06239852047751743	1.4712465369875882	1.5015953625674041
2.005175983436853e-6	0.0623440897877586	1.471124514028958	1.5154847395117752
2.011013081594437e-6	0.06229965649932043	1.4709384696246814	1.5176310203881687
2.017595736913362e-6	0.06225180939901876	1.4707180808004023	1.5178018429923013
2.025019177444592e-6	0.062197969511923724	1.470467913896613	1.5176837778386454
2.0333907944670224e-6	0.062136996837586264	1.4701855926303407	1.5175152262733194
2.042831696064524e-6	0.06206785868536596	1.4698671913201573	1.5173216864257826
2.0534784591372844e-6	0.061989402647172114	1.4695081205439602	1.5171029367438356
2.0654851051929427e-6	0.06190030352341354	1.4691031877019514	1.516855921293401
2.079025328500314e-6	0.06179902959195469	1.468646535787056	1.5165769582386512
2.094295008839319e-6	0.06168380530094775	1.4681315601018048	1.5162618580745886
2.111515045197839e-6	0.06155256640540174	1.4675508132171207	1.5159058649869614
2.130934551409195e-6	0.06140290541575836	1.4668958979538294	1.5155035766402136
2.1528344599599875e-6	0.06123200491466563	1.4661573471132245	1.5150488507243816
2.1775315861028043e-6	0.061036555637746515	1.465324488553985	1.5145346965348054
2.2053832110673347e-6	0.060812655337568064	1.4643852942181375	1.5139531489173086
2.236792250672961e-6	0.06055568330944989	1.463326211844365	1.5132951213880577
2.2722130841146057e-6	0.06026014397532867	1.4621319784679483	1.5125502346759303
2.312158127244036e-6	0.05991947099911536	1.460785415559654	1.5117066163503539
2.357205245439061e-6	0.05952578092528441	1.459267207081606	1.510750666669633
2.40800611329897e-6	0.059069562159517044	1.4575556643083964	1.5096667854835066
2.465295642101835e-6	0.05853928112125429	1.4556264857692478	1.5084370552830833
2.529902611406082e-6	0.05792088252964523	1.4534525284437416	1.5070408769456352
2.602761658598511e-6	0.0571971551568829	1.451003619623837	1.505454558548345
2.684926799835675e-6	0.05634692856153233	1.4482464613748174	1.503650865974733
2.777586677979464e-6	0.05534406184665126	1.4451447174906742	1.5015985607855427
2.882081758111311e-6	0.05415618597565566	1.4416594364038562	1.4992619828547218
3.0e-6	0.0527422341966369	1.4377475523976024	1.4965990657012551
3.1173638603227015e-6	0.05125679585130812	1.4338817241517574	1.4939234338468843
3.221535417226669e-6	0.0498727413190382	1.4304789732056258	1.4915300334841244
3.3139602686946236e-6	0.048593184867757905	1.4274874832642817	1.489394513037059
3.3959630093923407e-6	0.047417585251123655	1.4248589205413402	1.4874924348494651
3.4687188686134778e-6	0.04634313814805894	1.4225498517822186	1.485800680014571
3.5332705531787387e-6	0.045365455325216734	1.4205215141796468	1.4842976729153199
3.590543191077878e-6	0.04447911398844648	1.4187395146986028	1.4829635055624741
3.6413575900206317e-6	0.04367808677149602	1.4171734826991587	1.4817799788983894
3.6864420009126275e-6	0.04295606810081943	1.4157966997793534	1.4807305808979252
3.726442554845543e-6	0.042306714314505736	1.414585726789498	1.4798004201318746
3.7619325231801227e-6	0.04172381431843949	1.413520042777347	1.478976130564592
3.793420533433726e-6	0.04120140578745239	1.4125817056537848	1.4782457599847278
3.821357858719107e-6	0.04073384966866524	1.411755040239881	1.4775986512781802
3.8461448852036364e-6	0.040315873446127394	1.4110263562252328	1.4770253230377732
3.8681368502779114e-6	0.03994259151064903	1.4103836963622696	1.4765173538439123
3.8876489336708105e-6	0.03960950914845195	1.4098166137784234	1.4760672729139788
3.90496077447474e-6	0.039312515142216106	1.4093159764270855	1.4756684586291362
3.9203204788172135e-6	0.03904786675214201	1.4088737962558622	1.4753150456403996
3.9339481756150405e-6	0.038812169879019386	1.4084830805109998	1.4750018411076455
3.94603917137073e-6	0.03860235648226609	1.4081377025891355	1.4747242551905713
3.956766749224343e-6	0.03841566093693443	1.4078322896822941	1.4744782968121894
3.966284652375632e-6	0.03824959782684021	1.4075621226277266	1.4742610250012147
3.974729287467871e-6	0.038101949964416244	1.4073230328744815	1.4740738076508868
3.982221679511322e-6	0.037970802788201884	1.407111237069169	1.4739396189098912
3.988869206363532e-6	0.037854750157477926	1.406922902746973	1.4739768975978238
3.99476713762428e-6	0.03775360134467201	1.4067528355734724	1.4746572101838578
4.0e-6	0.037670082833887786	1.4065905065070792	1.4775453027640957
4.005175983436853e-6	0.0375963915380904	1.4064103060028437	1.480417400522314
4.011389771094456e-6	0.03751405921978308	1.4061775388111615	1.4810907001881624
4.018849446637245e-6	0.03741682918370724	1.4058925203764732	1.4810986661114967
4.027804815289987e-6	0.037300190027680626	1.4055486365659813	1.4809305167274467
4.038555769168141e-6	0.037159725915298925	1.4051349560732556	1.4806985784251419
4.051462329888539e-6	0.0369903563990867	1.4046374182573789	1.480415916227034
4.066956704761439e-6	0.03678594038042527	1.4040388346960118	1.480075473086639
4.085557760294574e-6	0.03653896534308834	1.403318350372734	1.4796656261477186
4.107888397689437e-6	0.03624019671576183	1.4024506369311553	1.4791719685665043
4.1346964121901476e-6	0.03587823364552734	1.4014048511607515	1.478576945892006
4.166879534810539e-6	0.035438931580679914	1.4001433001756984	1.4778591279278603
4.205515495022052e-6	0.03490464286929227	1.3986197055436471	1.476992256753912
4.251898111124064e-6	0.03425320694284081	1.396776897358018	1.475944009079102
4.307580616869725e-6	0.033456591575972396	1.3945436648429528	1.4746743600722936
4.374427675243843e-6	0.032479040854109666	1.3918302972138106	1.4731333721510802
4.45467782119962e-6	0.031274513429229406	1.388521969150328	1.4712581210308215
4.551018424399851e-6	0.029783076052172574	1.3844683245077567	1.4689682623832727
4.666666666666666e-6	0.027925855950917164	1.379466171254024	1.4661595391113253
4.703296703296703e-6	0.027322230376611967	1.3778440263611489	1.4652546536586657
4.7399267399267394e-6	0.026711008443609272	1.376202692190296	1.4643422313325793
4.776556776556776e-6	0.02609210738500151	1.3745409178666688	1.4634220074853732
4.8131868131868125e-6	0.025465438965185307	1.3728573320514827	1.462493698130771
4.849816849816849e-6	0.024830908904415708	1.371150427664005	1.4615569987958033
4.8864468864468865e-6	0.02418841625148575	1.369418544108871	1.4606115825299064
4.923076923076923e-6	0.0235378526892322	1.3676598465285121	1.4596570976658287
4.95970695970696e-6	0.022879101763724458	1.3658723014588707	1.4586931653039557
4.996336996336996e-6	0.022212038026562814	1.3640536481085137	1.4577193764771714
5.032967032967033e-6	0.02153652607788837	1.3622013642758322	1.4567352889451157
5.069597069597069e-6	0.020852419495488505	1.3603126256492581	1.4557404235566993
5.106227106227106e-6	0.020159559632711592	1.3583842568776776	1.45473426010743
5.142857142857142e-6	0.019457774264622665	1.35641267231879	1.4537162326028334
5.179487179487179e-6	0.018746876057830365	1.3543938037233858	1.4526857238201938
5.2161172161172155e-6	0.01802666083445723	1.3523230112220463	1.4516420590369188
5.252747252747252e-6	0.017296905594576854	1.3501949727414706	1.4505844987635412
5.2893772893772895e-6	0.016557366253746483	1.3480035452298205	1.4495122302807701
5.326007326007325e-6	0.015807775042572095	1.3457415885665167	1.4484243577303677
5.3626373626373626e-6	0.015047837502929387	1.3434007393823932	1.4473198904452806
5.399267399267399e-6	0.014277228999699895	1.340971116595135	1.4461977291202024
5.435897435897436e-6	0.01349559064650479	1.3384409322417032	1.4450566493123582
5.472527472527472e-6	0.012702524517336083	1.3357959684203435	1.4438952816133956
5.509157509157509e-6	0.011897587980907355	1.3330188607999671	1.442712087631835
5.545787545787545e-6	0.01108028694778181	1.3300880957327723	1.4415053306495766
5.582417582417582e-6	0.010250067757127933	1.3269765712462274	1.440273039432531
5.6190476190476185e-6	0.009406307343440251	1.3236494719849496	1.4390129631344928
5.655677655677655e-6	0.008548301203267527	1.3200610231025565	1.4377225144573074
5.692307692307692e-6	0.007675248512017679	1.3161493276141074	1.436398697095999
5.728937728937728e-6	0.0067862334962209185	1.3118277432646865	1.4350380118049615
5.7655677655677655e-6	0.005880201807127768	1.3069695746705985	1.4336363328367847
5.802197802197802e-6	0.004955930100977628	1.3013786942362853	1.4321887424549335
5.838827838827839e-6	0.004011986196986962	1.2947269820915135	1.4306893046850306
5.875457875457875e-6	0.0030466758583546577	1.2864000659637593	1.4291307486113694
5.912087912087912e-6	0.0020579701017977166	1.275020015744758	1.4275040148163092
5.948717948717948e-6	0.0010434048998717257	1.2561931446636363	1.4257976668468226
5.985347985347985e-6	1.7128022635088157e-21	6.055299874433486e-23	1.4239999999999997
