0.0	1.2	1.2	-3.8200000007777737
6.623931623931625e-10	0.11919106508217493	1.1999999595611361	-3.8200000412166792
1.324786324786325e-9	0.10126552877032712	1.1999999191222728	-3.8200000816555995
1.9871794871794876e-9	0.09077296039915748	1.1999998786834096	-3.820000122094554
2.64957264957265e-9	0.08332113366592843	1.1999998382445458	-3.820000162533574
3.3119658119658123e-9	0.07753357471506242	1.1999997978056816	-3.8200002029727145
3.974358974358975e-9	0.0727971677705353	1.1999997573668189	-3.8200002434120717
4.6367521367521375e-9	0.0687848607142664	1.1999997169279546	-3.8200002838518166
5.2991452991453e-9	0.06530143517420844	1.1999996764890917	-3.8200003242922564
5.961538461538462e-9	0.06222097395950111	1.1999996360502276	-3.820000364733939
6.623931623931625e-9	0.05945750440629101	1.1999995956113645	-3.8200004051778444
7.286324786324787e-9	0.05694970845862265	1.199999555172501	-3.820000445625727
7.94871794871795e-9	0.05465231390408319	1.1999995147336378	-3.820000486080722
8.611111111111113e-9	0.052530943316429754	1.1999994742947733	-3.820000526548441
9.273504273504275e-9	0.050558877382079086	1.19999943385591	-3.820000567038918
9.935897435897437e-9	0.048714937593209544	1.199999393417047	-3.8200006075701034
1.05982905982906e-8	0.046982053664937906	1.199999352978184	-3.8200006481741045
1.1260683760683762e-8	0.04534626601882883	1.1999993125393211	-3.8200006889083515
1.1923076923076925e-8	0.0437960138169799	1.1999992721004593	-3.8200007298755723
1.2585470085470087e-8	0.042321615743238436	1.1999992316615984	-3.8200007712595165
1.324786324786325e-8	0.04091488411428886	1.199999191222739	-3.8200008133888597
1.3910256410256412e-8	0.03956883323079158	1.1999991507838847	-3.8200008568515105
1.4572649572649574e-8	0.03827745562641989	1.1999991103450351	-3.8200009026990682
1.5235042735042738e-8	0.037035548078272466	1.1999990699061989	-3.8200009528125465
1.5984375000000003e-8	0.03568462193885592	1.1999990241597909	-3.820001018701919
1.6468750000000003e-8	0.03483921239205421	1.1999989945889338	-3.82000107125999
1.6953125000000003e-8	0.034014065868497	1.199998965018109	-3.8200011359189925
1.7437500000000003e-8	0.03320792837879375	1.1999989354473355	-3.8200012192041
1.7921875000000003e-8	0.032419649557473486	1.1999989058766394	-3.8200013311043155
1.8406250000000003e-8	0.031648171491894216	1.199998876306063	-3.820001486930115
1.8890625000000003e-8	0.030892518933438817	1.1999988467356697	-3.8200017101607457
1.9375000000000003e-8	0.030151790644517937	1.1999988171655565	-3.820002036810759
1.9859375000000003e-8	0.029425151658098798	1.199998787595874	-3.8200025221279454
2.0343750000000003e-8	0.028711826234879737	1.1999987580268525	-3.820003250868661
2.0828125000000003e-8	0.02801109129439947	1.1999987284588436	-3.8200043530622936
2.1312500000000003e-8	0.027322270065514017	1.1999986988923892	-3.820006028198658
2.1796875000000003e-8	0.026644725640532087	1.1999986693283196	-3.8200085823413863
2.2281250000000003e-8	0.025977854012477455	1.199998639767908	-3.8200124850810067
2.2765625000000003e-8	0.025321076005366535	1.1999986102131073	-3.820018456946992
2.3250000000000006e-8	0.02467382723982251	1.1999985806669133	-3.8200276036003586
2.3734375000000006e-8	0.02403554485856021	1.199998551133921	-3.820041621917317
2.4218750000000006e-8	0.023405649085159436	1.1999985216211715	-3.8200631166544743
2.4703125000000006e-8	0.022783516670469597	1.1999984921394602	-3.8200960874474377
2.5187500000000006e-8	0.022168441670599184	1.1999984627053208	-3.8201466787444076
2.5671875000000006e-8	0.02155957641481319	1.1999984333440623	-3.8202243369491975
2.6156250000000006e-8	0.020955841271945688	1.1999984040943692	-3.82034360135873
2.6640625000000006e-8	0.020355784607928383	1.1999983750152672	-3.820526889021688
2.7125000000000006e-8	0.019757361534435105	1.1999983461965424	-3.820808856045706
2.7609375000000006e-8	0.019157576102192177	1.199998317774152	-3.82124330191522
2.8093750000000006e-8	0.018551883731659696	1.1999982899524952	-3.821914279302276
2.8578125000000006e-8	0.017933147413961428	1.1999982630354216	-3.8229544133598
2.9062500000000006e-8	0.01728969777146717	1.1999982374665925	-3.8245762258706733
2.9546875000000006e-8	0.01660140927718522	1.1999982138751497	-3.827128632146232
3.0031250000000006e-8	0.015830798257481075	1.199998193110142	-3.83120707310504
3.0515625e-8	0.01489935120609869	1.1999981762186467	-3.837893867208576
3.1000000000000006e-8	0.013608070700871788	1.1999981642679423	-3.8493781031692085
3.180971659919029e-8	0.01360807070083708	1.1999183776544613	-3.853969518552793
3.2619433198380574e-8	0.01360807070070192	1.1998509103919133	-3.8581831557364636
3.3429149797570854e-8	0.013608070700418588	1.199793106533296	-3.8620758355090254
3.423886639676114e-8	0.01360807069992705	1.1997430223991694	-3.865692426432103
3.504858299595142e-8	0.013608070699153811	1.1996992028295013	-3.8690689752831275
3.585829959514171e-8	0.013608070698009369	1.1996605367883244	-3.872234876203972
3.666801619433199e-8	0.013608070696386408	1.199626161322638	-3.8752144121082313
3.7477732793522277e-8	0.013608070694157107	1.1995953959838996	-3.8780278743172545
3.828744939271256e-8	0.013608070691172279	1.1995676970060916	-3.8806923916709413
3.909716599190284e-8	0.013608070687257575	1.199542624628677	-3.883222555078956
3.9906882591093125e-8	0.013608070682210982	1.1995198193660246	-3.8856308952064915
4.0716599190283405e-8	0.013608070675802162	1.1994989844904775	-3.8879282528629324
4.152631578947369e-8	0.01360807066776798	1.1994798729103378	-3.8901240697626407
4.233603238866397e-8	0.013608070657810542	1.1994622772080066	-3.8922266193479564
4.314574898785426e-8	0.013608070645594312	1.1994460219846683	-3.8942431919103653
4.395546558704454e-8	0.013608070630743053	1.199430957911623	-3.896180244452171
4.476518218623483e-8	0.013608070612836587	1.1994169570602904	-3.89804352305009
4.557489878542511e-8	0.013608070591409484	1.1994039092013322	-3.899838163559921
4.6384615384615395e-8	0.013608070565945594	1.1993917188461012	-3.9015687751045744
4.7194331983805675e-8	0.01360807053587718	1.1993803028623342	-3.90323950976008
4.8004048582995956e-8	0.013608070500579633	1.1993695885381244	-3.9048541210895156
4.881376518218624e-8	0.013608070459370337	1.19935951199884	-3.9064160135997072
4.962348178137652e-8	0.013608070411503982	1.199350016904131	-3.9079282847588006
5.043319838056681e-8	0.013608070356169882	1.1993410533688695	-3.909393760878032
5.124291497975709e-8	0.013608070292488632	1.1993325770643726	-3.910815027902227
5.205263157894738e-8	0.01360807021950888	1.1993245484657258	-3.9121944579518457
5.286234817813766e-8	0.013608070136203437	1.1993169322182204	-3.913534232301006
5.3672064777327945e-8	0.013608070041467699	1.1993096966014893	-3.9148363613506607
5.4481781376518226e-8	0.013608069934114479	1.199302813074197	-3.916102702056365
5.5291497975708506e-8	0.013608069812870204	1.1992962558855045	-3.9173349731901546
5.6101214574898794e-8	0.013608069676374873	1.1992900017421584	-3.918534768751658
5.6910931174089074e-8	0.013608069523176117	1.199284029522129	-3.9197035697913303
5.772064777327936e-8	0.013608069351725177	1.1992783200273744	-3.9208427548661566
5.853036437246964e-8	0.013608069160377483	1.1992728557696342	-3.9219536093133014
5.934008097165993e-8	0.013608068947385534	1.1992676207842234	-3.923037333498479
6.014979757085022e-8	0.013608068710898126	1.199262600467634	-3.924095050172102
6.09595141700405e-8	0.01360806844895687	1.1992577814354783	-3.925127811046524
6.176923076923078e-8	0.01360806815949313	1.1992531513978584	-3.926136602691282
6.257894736842106e-8	0.013608067840324214	1.1992486990497184	-3.9271223518294276
6.338866396761134e-8	0.013608067489152088	1.199244413974116	-3.928085930106503
6.419838056680163e-8	0.013608067103560313	1.1992402865566802	-3.9290281583939
6.500809716599191e-8	0.013608066681010311	1.1992363079097608	-3.929949810680098
6.581781376518219e-8	0.01360806621884025	1.1992324698050274	-3.9308516175962267
6.662753036437247e-8	0.01360806571426121	1.199228764613429	-3.93173426961641
6.743724696356277e-8	0.013608065164355856	1.1992251852515974	-3.932598419968221
6.824696356275305e-8	0.013608064566075969	1.1992217251339017	-3.9334446872841746
6.905668016194333e-8	0.01360806391624052	1.1992183781294716	-3.9342736580214113
6.986639676113361e-8	0.013608063211532323	1.1992151385235925	-3.935085888673455
7.06761133603239e-8	0.013608062448498683	1.199212000982976	-3.9358819077951077
7.148582995951418e-8	0.013608061623546646	1.1992089605244411	-3.9366622178590878
7.229554655870446e-8	0.013608060732944077	1.1992060124866362	-3.9374272969609163
7.310526315789474e-8	0.013608059772817134	1.199203152504461	-3.9381776003866635
7.391497975708502e-8	0.013608058739147926	1.1992003764858827	-3.938913562056582
7.472469635627532e-8	0.013608057627774605	1.1991976805908993	-3.939635595856213
7.55344129554656e-8	0.013608056434389885	1.1991950612124156	-3.940344096865321
7.634412955465588e-8	0.013608055154541427	1.199192514958839	-3.941039442493912
7.715384615384616e-8	0.013608053783628117	1.1991900386382062	-3.9417219935336227
7.796356275303645e-8	0.013608052316903214	1.1991876292436996	-3.9423920951319316
7.877327935222673e-8	0.013608050749469741	1.1991852839403954	-3.943050077695874
7.958299595141701e-8	0.013608049076284833	1.1991830000531496	-3.943696257731289
8.03927125506073e-8	0.013608047292156634	1.199180775055475	-3.9443309386230236
8.120242914979757e-8	0.013608045391744057	1.1991786065593535	-3.9449544113610053
8.201214574898787e-8	0.01360804336955994	1.199176492305858	-3.945566955216612
8.282186234817815e-8	0.013608041219967955	1.1991744301565381	-3.9461688383733646
8.363157894736843e-8	0.013608038937185743	1.1991724180854821	-3.9467603185155786
8.444129554655871e-8	0.013608036515285289	1.1991704541719925	-3.9473416433782877
8.5251012145749e-8	0.013608033948191836	1.1991685365938394	-3.9479130512614504
8.606072874493928e-8	0.013608031229687925	1.1991666636210125	-3.9484747715111728
8.687044534412956e-8	0.01360802835341266	1.1991648336099512	-3.9490270249704573
8.768016194331984e-8	0.013608025312863498	1.1991630449981991	-3.9495700244017415
8.848987854251012e-8	0.013608022101398479	1.199161296299454	-3.9501039748833273
8.929959514170042e-8	0.013608018712236299	1.1991595860989652	-3.950629074181594
9.01093117408907e-8	0.013608015138461412	1.1991579130492802	-3.951145513100747
9.091902834008098e-8	0.01360801137302259	1.1991562758662682	-3.951653475811704
9.172874493927126e-8	0.01360800740873736	1.1991546733254412	-3.9521531401615837
9.253846153846155e-8	0.013608003238292756	1.1991531042585146	-3.952644677965149
9.334817813765183e-8	0.013607998854249763	1.1991515675502147	-3.9531282552794527
9.415789473684211e-8	0.013607994249045411	1.199150062135292	-3.9536040326628132
9.49676113360324e-8	0.01360798941499328	1.1991485869957417	-3.9540721654191957
9.577732793522268e-8	0.013607984344289975	1.1991471411581984	-3.95453280382895
9.658704453441297e-8	0.013607979029016662	1.1991457236915117	-3.954986093366815
9.739676113360325e-8	0.013607973461141499	1.1991443337044727	-3.9554321749080166
9.820647773279353e-8	0.013607967632524174	1.199142970343682	-3.955871184923221
9.901619433198381e-8	0.013607961534918792	1.1991416327915634	-3.956303255663061
9.98259109311741e-8	0.013607955159977567	1.1991403202644892	-3.95672851533289
1.0063562753036438e-7	0.013607948499255357	1.1991390320110342	-3.9571470882583664
1.0144534412955467e-7	0.013607941544211619	1.1991377673103252	-3.9575590950424493
1.0225506072874495e-7	0.013607934286217363	1.1991365254704998	-3.9579646527143195
1.0306477732793523e-7	0.013607926716555295	1.1991353058272527	-3.958363874870716
1.0387449392712552e-7	0.013607918826427737	1.1991341077424689	-3.958756871810151
1.046842105263158e-7	0.013607910606958552	1.1991329306029417	-3.95914375066041
1.0549392712550608e-7	0.013607902049197798	1.1991317738191598	-3.959524615499753
1.0630364372469636e-7	0.013607893144126654	1.1991306368241668	-3.959899567472164
1.0711336032388666e-7	0.013607883882662089	1.1991295190724895	-3.960268704897002
1.0792307692307694e-7	0.01360787425566144	1.1991284200391192	-3.9606321233733737
1.0873279352226722e-7	0.013607864253924743	1.1991273392185597	-3.9609899158795225
1.095425101214575e-7	0.013607853868203915	1.1991262761239203	-3.961342172867516
1.1035222672064779e-7	0.01360784308920297	1.1991252302860633	-3.9616889823534907
1.1116194331983807e-7	0.013607831907585922	1.199124201252795	-3.962030430003702
1.1197165991902835e-7	0.01360782031397998	1.199123188588107	-3.9623665992166064
1.1278137651821863e-7	0.013607808298980376	1.1991221918714479	-3.9626975712011907
1.1359109311740891e-7	0.013607795853157504	1.199121210697045	-3.9630234250517478
1.144008097165992e-7	0.013607782967058297	1.1991202446732534	-3.9633442378192907
1.1521052631578949e-7	0.01360776963121514	1.1991192934219397	-3.963660084579782
1.1602024291497977e-7	0.013607755836146868	1.199118356577906	-3.9639710384993387
1.1682995951417005e-7	0.01360774157236731	1.1991174337883346	-3.9642771708965823
1.1763967611336034e-7	0.013607726830388104	1.1991165247122637	-3.9645785513022638
1.1844939271255062e-7	0.013607711600724366	1.1991156290200882	-3.964875247516317
1.192591093117409e-7	0.013607695873900844	1.1991147463930927	-3.9651673256624598
1.200688259109312e-7	0.013607679640454166	1.199113876522997	-3.9654548502404756
1.2087854251012148e-7	0.013607662890940796	1.1991130191115331	-3.9657378841762796
1.2168825910931176e-7	0.013607645615940746	1.1991121738700377	-3.966016488869887
1.2249797570850204e-7	0.01360762780606265	1.199111340519064	-3.9662907242413836
1.2330769230769232e-7	0.013607609451949054	1.1991105187880182	-3.966560648774994
1.241174089068826e-7	0.013607590544280256	1.1991097084148066	-3.9668263195613402
1.2492712550607288e-7	0.013607571073780729	1.1991089091455027	-3.9670877923379773
1.2573684210526316e-7	0.013607551031223828	1.1991081207340308	-3.967345121528286
1.2654655870445347e-7	0.013607530407435666	1.1991073429418597	-3.9675983602788034
1.2735627530364375e-7	0.013607509193300494	1.1991065755377186	-3.967847560495057
1.2816599190283403e-7	0.013607487379766251	1.1991058182973164	-3.968092772875981
1.289757085020243e-7	0.013607464957847773	1.1991050710030824	-3.968334046946973
1.297854251012146e-7	0.013607441918632668	1.1991043334439142	-3.968571431091653
1.3059514170040487e-7	0.013607418253286523	1.1991036054149369	-3.968804972582388
1.3140485829959515e-7	0.01360739395305493	1.1991028867172748	-3.969034717609635
1.3221457489878543e-7	0.013607369009271146	1.1991021771578334	-3.9692607113101523
1.330242914979757e-7	0.013607343413359107	1.1991014765490857	-3.969482997794134
1.3383400809716602e-7	0.01360731715683672	1.199100784708877	-3.9697016201713127
1.346437246963563e-7	0.013607290231323444	1.1991001014602325	-3.969916620576071
1.3545344129554658e-7	0.013607262628541257	1.19909942663117	-3.9701280401916166
1.3626315789473686e-7	0.013607234340320372	1.1990987600545304	-3.9703359192732446
1.3707287449392714e-7	0.013607205358603686	1.199098101567804	-3.9705402971707415
1.3788259109311742e-7	0.013607175675451227	1.1990974510129724	-3.970741212349955
1.386923076923077e-7	0.013607145283042443	1.199096808236353	-3.970938702413572
1.3950202429149798e-7	0.01360711417368188	1.1990961730884546	-3.971132804121139
1.4031174089068826e-7	0.013607082339802306	1.1990955454238301	-3.9713235534083426
1.4112145748987857e-7	0.013607049773968947	1.199094925100944	-3.9715109854056014
1.4193117408906885e-7	0.013607016468883428	1.1990943119820419	-3.9716951344559805
1.4274089068825913e-7	0.013606982417386143	1.1990937059330238	-3.9718760341324604
1.435506072874494e-7	0.013606947612461832	1.199093106823326	-3.972053717254592
1.443603238866397e-7	0.013606912047241194	1.199092514525802	-3.972228215904554
1.4517004048582997e-7	0.013606875715006003	1.1990919289166173	-3.972399561442641
1.4597975708502025e-7	0.013606838609192071	1.1990913498751374	-3.9725677845222034
1.4678947368421053e-7	0.013606800723391023	1.1990907772838284	-3.9727329151040585
1.475991902834008e-7	0.013606762051356169	1.1990902110281578	-3.9728949824703967
1.4840890688259112e-7	0.013606722587003245	1.1990896509965034	-3.9730540152382017
1.492186234817814e-7	0.013606682324414893	1.1990890970800532	-3.973210041372196
1.5002834008097168e-7	0.013606641257843652	1.1990885491727303	-3.9733630881973423
1.5083805668016196e-7	0.013606599381714416	1.1990880071710974	-3.973513182410904
1.5164777327935224e-7	0.013606556690626808	1.199087470974282	-3.9736603500940904
1.5245748987854252e-7	0.013606513179359372	1.1990869404838995	-3.9738046167233
1.532672064777328e-7	0.01360646884287108	1.1990864156039727	-3.9739460071809702
1.5407692307692308e-7	0.013606423676303835	1.199085896240863	-3.974084545766057
1.5488663967611336e-7	0.013606377674986556	1.199085382303202	-3.974220256204152
1.5569635627530367e-7	0.01360633083443638	1.1990848737018187	-3.974353161657248
1.5650607287449395e-7	0.013606283150360313	1.1990843703496832	-3.9744832847331746
1.5731578947368423e-7	0.013606234618659667	1.1990838721618344	-3.974610647494701
1.581255060728745e-7	0.013606185235430354	1.19908337905533	-3.974735271468333
1.589352226720648e-7	0.013606134996967103	1.199082890949179	-3.9748571776527992
1.5974493927125507e-7	0.013606083899763116	1.1990824077642939	-3.9749763865272523
1.6055465587044535e-7	0.013606031940513446	1.199081929423429	-3.9750929180591807
1.6136437246963563e-7	0.01360597911611774	1.1990814558511345	-3.97520679171205
1.621740890688259e-7	0.013605925423680486	1.199080986973704	-3.9753180264526784
1.6298380566801622e-7	0.013605870860513692	1.1990805227191237	-3.975426640758356
1.637935222672065e-7	0.013605815424139007	1.199080063017028	-3.9755326526237145
1.6460323886639678e-7	0.01360575911228778	1.199079607798655	-3.9756360795673595
1.6541295546558706e-7	0.013605701922905455	1.1990791569967978	-3.9757369386382666
1.6622267206477734e-7	0.01360564385415056	1.199078710545768	-3.9758352464219526
1.6703238866396762e-7	0.013605584904397025	1.1990782683813526	-3.975931019046427
1.678421052631579e-7	0.013605525072235888	1.1990778304407712	-3.9760242721879338
1.6865182186234818e-7	0.013605464356476462	1.199077396662643	-3.9761150210764824
1.6946153846153846e-7	0.013605402756148448	1.199076966986947	-3.976203280501181
1.7027125506072877e-7	0.013605340270501035	1.1990765413549849	-3.976289064815374
1.7108097165991905e-7	0.01360527689900642	1.1990761197093491	-3.976372387941592
1.7189068825910933e-7	0.013605212641359091	1.1990757019938907	-3.9764532633763157
1.727004048582996e-7	0.013605147497478296	1.1990752881536786	-3.9765317041945587
1.735101214574899e-7	0.013605081467508268	1.1990748781349796	-3.976607723054282
1.7431983805668017e-7	0.01360501455181954	1.1990744718852206	-3.976681332200631
1.7512955465587045e-7	0.013604946751009102	1.1990740693529593	-3.976752543470016
1.7593927125506073e-7	0.013604878065901691	1.199073670487861	-3.9768213682940203
1.7674898785425101e-7	0.01360480849755112	1.199073275240663	-3.9768878177031604
1.7755870445344132e-7	0.013604738047239908	1.1990728835631554	-3.9769519023304873
1.783684210526316e-7	0.013604666716481114	1.1990724954081513	-3.977013632415039
1.7917813765182188e-7	0.013604594507016997	1.1990721107294624	-3.977073017805146
1.7998785425101216e-7	0.013604521420822293	1.199071729481875	-3.9771300679615944
1.8079757085020244e-7	0.013604447460102219	1.1990713516211242	-3.9771847919606453
1.8160728744939272e-7	0.013604372627294463	1.1990709771038752	-3.9772371984969226
1.82417004048583e-7	0.01360429692506859	1.1990706058876994	-3.9772872958861583
1.8322672064777328e-7	0.013604220356326885	1.1990702379310492	-3.9773350920678125
1.8403643724696356e-7	0.013604142924205352	1.1990698731932425	-3.9773805946075607
1.8484615384615387e-7	0.01360406463207174	1.1990695116344399	-3.9774238106996544
1.8565587044534415e-7	0.01360398548352825	1.199069153215626	-3.977464747169155
1.8646558704453443e-7	0.013603905482409813	1.1990687978985881	-3.9775034104740477
1.872753036437247e-7	0.013603824632785514	1.1990684456459015	-3.9775398067072345
1.88085020242915e-7	0.013603742938957254	1.1990680964209075	-3.9775739415984037
1.8889473684210527e-7	0.013603660405461633	1.1990677501876992	-3.977605820515787
1.8970445344129555e-7	0.01360357703706699	1.1990674069111018	-3.9776354484677987
1.9051417004048583e-7	0.013603492838776895	1.1990670665566607	-3.9776628301045625
1.9132388663967612e-7	0.013603407815826396	1.19906672909062	-3.97768796971932
1.9213360323886642e-7	0.013603321973684787	1.1990663944799098	-3.9777108712497364
1.929433198380567e-7	0.013603235318053348	1.1990660626921323	-3.977731538279089
1.9375303643724698e-7	0.013603147854865832	1.199065733695545	-3.9777499740373488
1.9456275303643726e-7	0.01360305959028882	1.1990654074590472	-3.9777661814021537
1.9537246963562754e-7	0.013602970530718727	1.1990650839521673	-3.977780162899675
1.9618218623481782e-7	0.013602880682785133	1.1990647631450486	-3.977791920705377
1.969919028340081e-7	0.013602790053346667	1.1990644450084347	-3.977801456644669
1.9780161943319839e-7	0.013602698649493166	1.1990641295136601	-3.977808772193456
1.986113360323887e-7	0.013602606478543352	1.1990638166326364	-3.9778138684785795
1.9942105263157897e-7	0.013602513548045349	1.1990635063378388	-3.9778167462781577
2.0023076923076925e-7	0.013602419865774235	1.1990631986022975	-3.977817406021822
2.0104048582995953e-7	0.013602325439734204	1.199062893399583	-3.977815847790844
2.0185020242914981e-7	0.013602230278154324	1.199062590703798	-3.977812071318167
2.026599190283401e-7	0.013602134389491123	1.199062290489568	-3.9778060759883274
2.0346963562753038e-7	0.013602037782424192	1.1990619927320243	-3.977797860837274
2.0427935222672066e-7	0.013601940465858563	1.1990616974068016	-3.977787424552086
2.0508906882591094e-7	0.013601842448921299	1.1990614044900245	-3.9777747654705817
2.0589878542510124e-7	0.013601743740961304	1.1990611139582972	-3.9777598815808264
2.0670850202429152e-7	0.013601644351548356	1.1990608257886968	-3.977742770520537
2.075182186234818e-7	0.01360154429047219	1.1990605399587613	-3.9777234295763724
2.0832793522267208e-7	0.013601443567740564	1.1990602564464843	-3.9777018556831307
2.0913765182186236e-7	0.013601342193577904	1.1990599752303044	-3.9776780454228273
2.0994736842105265e-7	0.013601240178425412	1.1990596962890963	-3.9776519950236717
2.1075708502024293e-7	0.013601137532937431	1.1990594196021627	-3.9776237003589356
2.115668016194332e-7	0.013601034267982884	1.1990591451492314	-3.9775931569457077
2.123765182186235e-7	0.013600930394640177	1.1990588729104399	-3.9775603599435425
2.131862348178138e-7	0.013600825924199225	1.1990586028663328	-3.977525304152991
2.1399595141700407e-7	0.01360072086815746	1.1990583349978543	-3.977487984014026
2.1480566801619435e-7	0.013600615238219503	1.1990580692863397	-3.977448393604341
2.1561538461538464e-7	0.013600509046294609	1.19905780571351	-3.9774065266375467
2.1642510121457492e-7	0.013600402304494733	1.1990575442614635	-3.977362376461238
2.172348178137652e-7	0.013600295025133958	1.1990572849126722	-3.977315936054945
2.1804453441295548e-7	0.013600187220725493	1.1990570276499715	-3.9772671980279637
2.1885425101214576e-7	0.013600078903978815	1.1990567724565575	-3.977216154617061
2.1966396761133604e-7	0.01359997008780074	1.1990565193159815	-3.977162797684053
2.2047368421052634e-7	0.013599860785289897	1.19905626821214	-3.977107118713258
2.2128340080971662e-7	0.013599751009736177	1.1990560191292718	-3.977049108808814
2.220931174089069e-7	0.013599640774618404	1.199055772051955	-3.9769887586918675
2.2290283400809719e-7	0.01359953009360198	1.1990555269650962	-3.976926058697623
2.2371255060728747e-7	0.013599418980537226	1.1990552838539312	-3.9768609987722563
2.2452226720647775e-7	0.013599307449454192	1.199055042704014	-3.976793568469682
2.2533198380566803e-7	0.013599195514563655	1.1990548035012172	-3.976723756948181
2.261417004048583e-7	0.013599083190252409	1.1990545662317236	-3.9766515529668744
2.269514170040486e-7	0.013598970491081079	1.1990543308820236	-3.9765769448820505
2.277611336032389e-7	0.01359885743178197	1.19905409743891	-3.9764999206433314
2.2857085020242918e-7	0.013598744027254571	1.1990538658894738	-3.9764204677896844
2.2938056680161946e-7	0.013598630292564393	1.199053636221099	-3.976338573445267
2.3019028340080974e-7	0.01359851624293925	1.1990534084214615	-3.9762542243151064
2.3100000000000002e-7	0.013598401893766408	1.199053182478519	-3.9761674066806054
2.3180645161290325e-7	0.01359828772336514	1.1990529592804617	-3.9760784714618307
2.3261290322580648e-7	0.013598173286751997	1.1990527379011524	-3.9759870591693276
2.334193548387097e-7	0.013598058599580938	1.1990525183295184	-3.9758931549684453
2.3422580645161293e-7	0.013597943677650126	1.199052300554755	-3.9757967435882695
2.3503225806451614e-7	0.013597828536897352	1.1990520845663204	-3.975697809316303
2.3583870967741937e-7	0.013597713193398545	1.1990518703539306	-3.9755963359929543
2.366451612903226e-7	0.0135975976633622	1.1990516579075623	-3.975492307005811
2.3745161290322582e-7	0.013597481963126507	1.1990514472174418	-3.9753857052837165
2.3825806451612905e-7	0.013597366109156414	1.199051238274049	-3.975276513290617
2.390645161290323e-7	0.013597250118038223	1.1990510310681104	-3.9751647130191943
2.398709677419355e-7	0.013597134006476478	1.1990508255905967	-3.9750502859842607
2.4067741935483874e-7	0.013597017791290036	1.1990506218327237	-3.9749332132159223
2.4148387096774194e-7	0.01359690148940739	1.1990504197859426	-3.9748134752524904
2.422903225806452e-7	0.013596785117863336	1.1990502194419463	-3.9746910521331444
2.430967741935484e-7	0.013596668693793399	1.1990500207926602	-3.9745659233903288
2.4390322580645166e-7	0.01359655223443101	1.1990498238302418	-3.9744380680418785
2.4470967741935486e-7	0.013596435757101682	1.1990496285470806	-3.974307464582868
2.4551612903225806e-7	0.013596319279219057	1.1990494349357914	-3.9741740909771672
2.463225806451613e-7	0.013596202818280119	1.1990492429892183	-3.9740379246486963
2.471290322580645e-7	0.013596086391859481	1.1990490527004272	-3.9738989424723736
2.479354838709678e-7	0.01359597001760663	1.199048864062706	-3.9737571207647386
2.48741935483871e-7	0.01359585371323874	1.1990486770695654	-3.9736124352742435
2.4954838709677424e-7	0.013595737496537183	1.1990484917147313	-3.973464861171199
2.5035483870967744e-7	0.013595621385341896	1.199048307992149	-3.973314373037363
2.5116129032258064e-7	0.013595505397544541	1.1990481258959784	-3.973160944855155
2.519677419354839e-7	0.013595389551085824	1.1990479454205936	-3.973004549996491
2.527741935483871e-7	0.013595273863948319	1.1990477665605817	-3.9728451612112154
2.5358064516129035e-7	0.013595158354151983	1.1990475893107397	-3.972682750615118
2.5438709677419356e-7	0.013595043039745893	1.1990474136660767	-3.9725172896775236
2.551935483870968e-7	0.013594927938807028	1.1990472396218095	-3.97234874920843
2.56e-7	0.013594813069429577	1.1990470671733646	-3.9721770993451893
2.5680645161290327e-7	0.013594698449722564	1.1990468963163743	-3.9720023095386945
2.576129032258065e-7	0.013594584097802166	1.1990467270466774	-3.971824348539078
2.584193548387097e-7	0.013594470031785698	1.1990465593603208	-3.971643184380878
2.5922580645161293e-7	0.013594356269785019	1.1990463932535536	-3.971458784367667
2.6003225806451614e-7	0.013594242829902584	1.1990462287228307	-3.9712711150561124
2.608387096774194e-7	0.013594129730221177	1.1990460657648128	-3.971080142239453
2.616451612903226e-7	0.013594016988800566	1.1990459043763637	-3.970885830930358
2.6245161290322585e-7	0.013593904623669795	1.1990457445545504	-3.9706881453431535
2.6325806451612905e-7	0.013593792652819828	1.199045586296646	-3.97048704887538
2.640645161290323e-7	0.013593681094198604	1.1990454296001258	-3.9702825040886593
2.648709677419355e-7	0.013593569965701649	1.1990452744626725	-3.9700744726888386
2.656774193548387e-7	0.013593459285167826	1.1990451208821684	-3.969862915505382
2.6648387096774197e-7	0.013593349070370603	1.1990449688567086	-3.9696477924699742
2.6729032258064517e-7	0.013593239339011236	1.1990448183845874	-3.9694290625943065
2.6809677419354843e-7	0.01359313010871235	1.199044669464311	-3.969206683947004
2.6890322580645163e-7	0.013593021397010002	1.1990445220945913	-3.96898061362966
2.697096774193549e-7	0.01359291322134681	1.1990443762743506	-3.968750807751936
2.705161290322581e-7	0.013592805599064376	1.1990442320027201	-3.9685172214056843
2.713225806451613e-7	0.013592698547395341	1.1990440892790462	-3.9682798086380497
2.7212903225806455e-7	0.013592592083457663	1.1990439481028856	-3.9680385224235075
2.7293548387096775e-7	0.013592486224244787	1.199043808474015	-3.9677933146347777
2.73741935483871e-7	0.013592380986620122	1.1990436703924265	-3.9675441360125783
2.745483870967742e-7	0.0135922763873084	1.1990435338583332	-3.9672909361341486
2.7535483870967746e-7	0.013592172442887539	1.1990433988721716	-3.9670336633804975
2.7616129032258067e-7	0.013592069169782455	1.1990432654346066	-3.9667722649023025
2.769677419354839e-7	0.013591966584255823	1.1990431335465292	-3.96650668658441
2.777741935483871e-7	0.013591864702401238	1.199043003209065	-3.9662368730088544
2.7858064516129033e-7	0.013591763540135327	1.1990428744235777	-3.9659627674163325
2.793870967741936e-7	0.013591663113189248	1.1990427471916691	-3.9656843116660587
2.801935483870968e-7	0.013591563437101734	1.199042621515189	-3.96540144619391
2.8100000000000004e-7	0.013591464527211276	1.1990424973962355	-3.965114109968791
2.8180645161290324e-7	0.013591366398647067	1.199042374837164	-3.964822240447112
2.826129032258065e-7	0.013591269066323481	1.1990422538405894	-3.9645257735252986
2.834193548387097e-7	0.013591172544929303	1.1990421344093933	-3.9642246434902257
2.8422580645161296e-7	0.013591076848922938	1.1990420165467333	-3.9639187829674665
2.8503225806451616e-7	0.013590981992521744	1.199041900256045	-3.9636081228672464
2.8583870967741936e-7	0.013590887989697426	1.1990417855410531	-3.9632925923279787
2.866451612903226e-7	0.013590794854164596	1.1990416724057797	-3.962972118657257
2.874516129032258e-7	0.013590702599377183	1.1990415608545486	-3.9626466272701655
2.882580645161291e-7	0.013590611238517618	1.1990414508920015	-3.9623160416247583
2.890645161290323e-7	0.013590520784490226	1.1990413425230997	-3.961980283154565
2.8987096774193554e-7	0.013590431249914544	1.1990412357531424	-3.9616392711979467
2.9067741935483874e-7	0.013590342647116449	1.1990411305877728	-3.961292922924135
2.9148387096774194e-7	0.013590254988122203	1.199041027032992	-3.9609411532557663
2.922903225806452e-7	0.013590168284650353	1.1990409250951735	-3.9605838747877122
2.930967741935484e-7	0.013590082548104485	1.1990408247810722	-3.9602209977019984
2.9390322580645166e-7	0.013589997789565475	1.1990407260978462	-3.95985242967858
2.9470967741935486e-7	0.013589914019787349	1.1990406290530653	-3.9594780758017425
2.955161290322581e-7	0.01358983124918549	1.1990405336547358	-3.9590978384618594
2.963225806451613e-7	0.013589749487835793	1.1990404399113093	-3.9587116172522427
2.9712903225806457e-7	0.013589668745461747	1.1990403478317102	-3.958319308860787
2.979354838709678e-7	0.013589589031433105	1.1990402574253531	-3.9579208069560905
2.98741935483871e-7	0.013589510354757077	1.199040168702163	-3.957516002067721
2.9954838709677423e-7	0.01358943272407128	1.1990400816726026	-3.9571047814602642
3.0035483870967744e-7	0.013589356147640086	1.1990399963476943	-3.9566870290007627
3.011612903225807e-7	0.013589280633347	1.199039912739051	-3.956262625019136
3.019677419354839e-7	0.01358920618868838	1.1990398308588979	-3.955831446161133
3.0277419354838715e-7	0.01358913282076952	1.199039750720114	-3.95539336523333
3.0358064516129035e-7	0.013589060536298308	1.199039672336255	-3.954948251039675
3.0438709677419356e-7	0.01358898934158027	1.1990395957215947	-3.9544959682089997
3.051935483870968e-7	0.013588919242512749	1.1990395208911615	-3.954036377012918
3.06e-7	0.01358885024458078	1.1990394478607764	-3.9535693331734607
3.0680645161290327e-7	0.013588782352852357	1.199039376647102	-3.9530946876597435
3.0761290322580647e-7	0.013588715571974408	1.1990393072676846	-3.9526122864729234
3.0841935483870973e-7	0.013588649906167505	1.1990392397410072	-3.9521219704186272
3.0922580645161293e-7	0.013588585359223429	1.199039174086539	-3.9516235748659696
3.100322580645162e-7	0.013588521934498938	1.1990391103248002	-3.9511169294922124
3.108387096774194e-7	0.01358845963491523	1.1990390484774176	-3.950601858012029
3.116451612903226e-7	0.01358839846295225	1.1990389885671964	-3.950078177890252
3.1245161290322585e-7	0.013588338420647985	1.199038930618187	-3.949545700036895
3.1325806451612905e-7	0.013588279509592304	1.1990388746557679	-3.949004228483114
3.140645161290323e-7	0.013588221730927968	1.1990388207067257	-3.94845356003668
3.148709677419355e-7	0.013588165085346481	1.199038768799347	-3.947893483915387
3.1567741935483876e-7	0.013588109573086274	1.1990387189635128	-3.9473237813566966
3.1648387096774197e-7	0.013588055193930049	1.1990386712308085	-3.946744225201741
3.172903225806452e-7	0.013588001947206151	1.1990386256346328	-3.946154579451657
3.180967741935484e-7	0.013587949831783982	1.1990385822103222	-3.9455545987940117
3.1890322580645163e-7	0.013587898846074274	1.199038540995284	-3.9449440280968875
3.197096774193549e-7	0.013587848988030502	1.199038502029142	-3.9443226018679396
3.205161290322581e-7	0.013587800255144217	1.1990384653538906	-3.9436900436754874
3.2132258064516134e-7	0.013587752644448411	1.1990384310140676	-3.9430460655284114
3.2212903225806454e-7	0.013587706152517306	1.1990383990569355	-3.9423903672112908
3.229354838709678e-7	0.013587660775463977	1.1990383695326874	-3.9417226355708643
3.23741935483871e-7	0.013587616508944874	1.1990383424946631	-3.941042543749485
3.245483870967742e-7	0.013587573348157545	1.1990383179995905	-3.9403497503607796
3.2535483870967746e-7	0.013587531287844993	1.1990382961078465	-3.939643898602223
3.2616129032258066e-7	0.01358749032229285	1.199038276883744	-3.9389246152987525
3.269677419354839e-7	0.013587450445336604	1.1990382603958456	-3.9381915098709017
3.277741935483871e-7	0.013587411650358818	1.1990382467173062	-3.9374441732202117
3.285806451612904e-7	0.013587373930294409	1.1990382359262544	-3.936682176523834
3.293870967741936e-7	0.013587337277632342	1.199038228106205	-3.9359050699293308
3.3019354838709684e-7	0.013587301684418329	1.1990382233465218	-3.935112381139589
3.3100000000000004e-7	0.013587267142257612	1.1990382217429176	-3.9343036138765832
3.318269230769231e-7	0.0129726764653512	1.198590072716138	-3.9282437633277545
3.326538461538462e-7	0.012490579799519909	1.1980503550332597	-3.922870787229357
3.334807692307693e-7	0.01210084300674779	1.19741442884302	-3.9181402035490986
3.3430769230769237e-7	0.011777130804091198	1.1966802245990045	-3.9140039371462896
3.3513461538461545e-7	0.011501647247422182	1.1958481931315483	-3.910411608271621
3.359615384615385e-7	0.011262056573826533	1.1949210488506472	-3.907311906506675
3.3678846153846156e-7	0.011049613782357482	1.193903370187058	-3.9046539188686906
3.3761538461538464e-7	0.010857994368857784	1.192801128634304	-3.9023883050680856
3.384423076923077e-7	0.010682542033889905	1.1916212103619714	-3.9004682493670346
3.392692307692308e-7	0.01051977356865816	1.1903709782896954	-3.8988501572758154
3.400961538461539e-7	0.010367046003030171	1.189057903787337	-3.8974940988012396
3.4092307692307697e-7	0.010222328438577455	1.1876892802419299	-3.896364024001254
3.4175000000000005e-7	0.01008404279557819	1.1862720179373314	-3.895427790367158
3.4257692307692313e-7	0.00995095077302719	1.18481251157129	-3.894657046457452
3.434038461538462e-7	0.0098220723360529	1.1833165677030897	-3.8940270146941245
3.4423076923076925e-7	0.009696626062107805	1.1817893784112745	-3.8935162108580825
3.4505769230769233e-7	0.009573984875944602	1.1802355283326496	-3.893106130709252
3.458846153846154e-7	0.009453642777313235	1.1786590241316464	-3.8927809268071734
3.467115384615385e-7	0.00933518953102506	1.177063337662593	-3.892527091919639
3.475384615384616e-7	0.009218291201393669	1.1754514562355922	-3.89233315981016
3.4836538461538466e-7	0.009102675030940102	1.1738259352719576	-3.892189429801573
3.4919230769230774e-7	0.008988117587104721	1.172188950160142	-3.8920877182477223
3.500192307692308e-7	0.008874435395098145	1.1705423452982069	-3.8920211377424407
3.508461538461539e-7	0.008761477481979954	1.1688876791741594	-3.8919839033621386
3.51673076923077e-7	0.008649119404271672	1.1672262649460512	-3.8919711642903576
3.525e-7	0.008537258437313984	1.1655592063957674	-3.8919788586502624
3.533269230769231e-7	0.008425809681690754	1.1638874293940018	-3.892003589145313
3.541538461538462e-7	0.008314702898771184	1.162211709170471	-3.892042517080273
3.5498076923076926e-7	0.00820387992963846	1.1605326937653628	-3.8920932724309893
3.5580769230769234e-7	0.008093292583426925	1.1588509240699194	-3.8921538777997946
3.566346153846154e-7	0.007982900905213365	1.15716685086359	-3.8922226842978267
3.574615384615385e-7	0.007872671752103167	1.1554808492352913	-3.892298317612108
3.582884615384616e-7	0.007762577620507095	1.1537932307453904	-3.8923796327286193
3.5911538461538467e-7	0.007652595678770988	1.1521042536492034	-3.892465675983818
3.5994230769230775e-7	0.007542706968150513	1.150414131465639	-3.8925556533011476
3.6076923076923083e-7	0.0074328957421032306	1.1487230401385637	-3.892648903634083
3.6159615384615386e-7	0.007323148919447411	1.147031124004779	-3.8927448767827566
3.6242307692307694e-7	0.0072134556314092	1.1453385007518742	-3.892843114878082
3.6325000000000003e-7	0.007103806846195058	1.1436452655218998	-3.892943236936851
3.640769230769231e-7	0.006994195057655736	1.14195149429276	-3.8930449259852606
3.649038461538462e-7	0.0068846140269747755	1.1402572466482306	-3.8931479183284576
3.6573076923076927e-7	0.006775058568276021	1.1385625680293958	-3.893251994611693
3.6655769230769235e-7	0.006665524370624974	1.136867491544626	-3.8933569723762105
3.6738461538461544e-7	0.0065560078502057305	1.1351720394018399	-3.893462699861496
3.682115384615385e-7	0.006446506027531541	1.1334762240152034	-3.893569050846284
3.690384615384616e-7	0.006337016425429553	1.1317800488285905	-3.8936759203550046
3.6986538461538463e-7	0.006227536984275534	1.130083508889543	-3.8937832210850076
3.706923076923077e-7	0.006118065991544225	1.1283865912000903	-3.8938908804339527
3.715192307692308e-7	0.006008602023262113	1.1266892748643598	-3.893998838026818
3.723461538461539e-7	0.005899143895334015	1.1249915310471514	-3.894107043658766
3.7317307692307696e-7	0.005789690623087163	1.1232933227525839	-3.894215455584085
3.7400000000000004e-7	0.005680241387630371	1.1215946044272196	-3.894324039093125
3.745961538461539e-7	0.005601338259600903	1.1203692050179135	-3.894402408765962
3.7519230769230773e-7	0.005522436658239105	1.1191434597511543	-3.8944808433776092
3.757884615384616e-7	0.005443536393306412	1.1179173393597175	-3.8945593348373926
3.763846153846154e-7	0.005364637298271823	1.116690811256163	-3.894637876062574
3.7698076923076927e-7	0.005285739227356587	1.1154638392721452	-3.8947164608528007
3.775769230769231e-7	0.00520684205294781	1.114236383364195	-3.89479508378019
3.7817307692307696e-7	0.005127945663336211	1.113008399283572	-3.8948737400930997
3.787692307692308e-7	0.00504904996073162	1.1117798382073567	-3.8949524256318853
3.7936538461538466e-7	0.004970154859530243	1.110550646327554	-3.895031136755152
3.799615384615385e-7	0.0048912602847941255	1.1093207643945215	-3.8951098702751876
3.8055769230769235e-7	0.004812366170924451	1.1080901272105461	-3.895188623401445
3.811538461538462e-7	0.0047334724604963406	1.1068586630688304	-3.8952673936910576
3.8175000000000004e-7	0.004654579103239174	1.1056262931325787	-3.8953461790055255
3.823461538461539e-7	0.00457568605514739	1.1043929307481588	-3.895424977472793
3.8294230769230773e-7	0.0044967932776986035	1.1031584806855845	-3.895503787454055
3.835384615384616e-7	0.004417900737170664	1.1019228382987143	-3.8955826075146924
3.841346153846154e-7	0.0043390084040422485	1.100685888596588	-3.8956614363988353
3.8473076923076927e-7	0.004260116252471461	1.0994475052162458	-3.8957402730070894
3.853269230769231e-7	0.00418122425983571	1.0982075492861294	-3.8958191163770426
3.8592307692307696e-7	0.004102332406332733	1.0969658681677497	-3.8958979656661965
3.865192307692308e-7	0.004023440674625355	1.0957222940616733	-3.895976820137025
3.8711538461538466e-7	0.003944549049538162	1.094476642462022	-3.8960556791438967
3.877115384615385e-7	0.0038656575177865348	1.0932287104415148	-3.8961345421216236
3.8830769230769235e-7	0.0037867660677409964	1.0919782747465543	-3.89621340857544
3.889038461538462e-7	0.0037078746892202988	1.090725089678995	-3.8962922780722256
3.8950000000000004e-7	0.0036289833733129453	1.08946888473778	-3.896371150232827
3.900961538461539e-7	0.0035500921122179024	1.0882093619896565	-3.8964500247253318
3.9069230769230773e-7	0.003471200899104799	1.086946193133516	-3.8965289012591837
3.912884615384616e-7	0.0033923097279952236	1.0856790162173149	-3.896607779580028
3.918846153846154e-7	0.003313418593656519	1.0844074319599941	-3.8966866594652028
3.9248076923076927e-7	0.0032345274915059567	1.0831309996229475	-3.896765540719788
3.930769230769231e-7	0.0031556364175341386	1.0818492323662625	-3.8968444231731505
3.9367307692307696e-7	0.0030767453682294926	1.0805615920136313	-3.8969233066759172
3.942692307692308e-7	0.0029978543405186063	1.0792674831363092	-3.897002191097325
3.9486538461538466e-7	0.002918963331711376	1.0779662463499358	-3.8970810763229036
3.954615384615385e-7	0.002840072339452635	1.0766571506979894	-3.8971599622524438
3.9605769230769235e-7	0.0027611813616805238	1.075339384970945	-3.8972388487982217
3.966538461538462e-7	0.0026822903965905034	1.0740120477799142	-3.8973177358834414
3.9725000000000004e-7	0.002603399442602554	1.0726741361658527	-3.8973966234408755
3.978461538461539e-7	0.00252450849833384	1.0713245324785805	-3.897475511411669
3.9844230769230773e-7	0.002445617562573747	1.0699619892009697	-3.8975543997443
3.990384615384616e-7	0.0023667266342626814	1.0685851113193816	-3.8976332883936617
3.996346153846154e-7	0.0022878357124727438	1.0671923357468935	-3.8977121773202663
4.0023076923076927e-7	0.0022089447963923583	1.0657819071847776	-3.897791066489542
4.008269230769231e-7	0.0021300538853106666	1.0643518496512685	-3.8978699558712213
4.0142307692307696e-7	0.002051162978605899	1.0628999327029298	-3.8979488454388034
4.020192307692308e-7	0.0019722720757329743	1.0614236311061553	-3.898027735169084
4.0261538461538466e-7	0.001893381176216152	1.0599200763609549	-3.8981066250417458
4.032115384615385e-7	0.0018144902796383572	1.0583859980025636	-3.8981855150389952
4.0380769230769235e-7	0.0017355993856341206	1.0568176519600525	-3.8982644051452495
4.044038461538462e-7	0.0016567084938854933	1.0552107323638018	-3.898343295346859
4.0500000000000004e-7	0.0015778176041121852	1.0535602619594402	-3.898422185631865
4.055961538461539e-7	0.001498926716070291	1.051860454544322	-3.8985010759897887
4.0619230769230773e-7	0.0014200358295470062	1.0501045403464118	-3.8985799664114444
4.067884615384616e-7	0.0013411449443547024	1.0482845416257327	-3.898658856888777
4.073846153846154e-7	0.0012622540603317045	1.0463909803699418	-3.8987377474147196
4.0798076923076927e-7	0.001183363177334743	1.0444124917482747	-3.898816637983067
4.085769230769231e-7	0.0011044722952401446	1.0423353042395724	-3.8988955285883673
4.0917307692307696e-7	0.0010255814139402354	1.0401425270221827	-3.8989744192258247
4.097692307692308e-7	0.0009466905333404188	1.0378131518271116	-3.899053309891214
4.1036538461538466e-7	0.0008677996533597526	1.035320619743322	-3.899132200580805
4.109615384615385e-7	0.0007889087739271029	1.032630703322042	-3.8992110912913005
4.1155769230769235e-7	0.000710017894981524	1.029698269341986	-3.8992899820197717
4.121538461538462e-7	0.0006311270164713154	1.0264621272226186	-3.8993688727636124
4.1275000000000004e-7	0.0005522361383520211	1.0228364197664965	-3.8994477635204885
4.133461538461539e-7	0.00047334526058480153	1.0186953327869166	-3.899526654288299
4.1394230769230773e-7	0.0003944543831393395	1.0138437380442604	-3.899605545065139
4.145384615384616e-7	0.00031556350598893726	1.0079546603188647	-3.8996844358492653
4.151346153846154e-7	0.00023667262911322012	1.0004150471870825	-3.8997633266390657
4.1573076923076927e-7	0.00015778175249701914	0.9898484743405886	-3.8998422174330316
4.163269230769231e-7	7.889087612804992e-5	0.9718627510148603	-3.899921108229731
4.1692307692307696e-7	4.430494406141285e-28	3.3841660067221e-46	-3.899999999027783
