0.0	1.5	1.5	1.5200748151210246
2.1052631578947368e-8	0.19971134958648182	1.499642822687182	1.5196698698166837
4.2105263157894737e-8	0.18158881079628056	1.4992863318289829	1.5192664194352437
6.31578947368421e-8	0.170903130253308	1.4989305471217766	1.5188644756010952
8.421052631578947e-8	0.16326208674707418	1.4985754878709123	1.5184640358332113
1.0526315789473685e-7	0.15728920931471926	1.4982211731016284	1.5180650978683474
1.263157894736842e-7	0.15237138408723294	1.4978676215699678	1.5176676597858973
1.4736842105263158e-7	0.14818156005331787	1.497514851772326	1.517271719995438
1.6842105263157895e-7	0.14452451919623216	1.4971628819546126	1.5168772772236547
1.8947368421052632e-7	0.14127434394782126	1.4968117301210557	1.5164843305019262
2.105263157894737e-7	0.1383450605447644	1.4964614140426675	1.5160928791545456
2.3157894736842106e-7	0.135675349117285	1.4961119512653904	1.5157029227875372
2.526315789473684e-7	0.13321993493195036	1.4957633591179393	1.515314461278035
2.736842105263158e-7	0.1309444373415445	1.4954156547193564	1.5149274947641913
2.9473684210526315e-7	0.12882213311922683	1.495068854986292	1.514542023635585
3.1578947368421055e-7	0.12683183915991428	1.4947229766400274	1.5141580485241002
3.368421052631579e-7	0.12495647990649429	1.4943780362132515	1.5137755702952491
3.5789473684210524e-7	0.12318208984330573	1.4940340500566014	1.513394590039917
3.7894736842105264e-7	0.1214971015414038	1.4936910343449843	1.5130151090665018
4.0e-7	0.1198918264526283	1.4933490050836835	1.51263712889343
4.210526315789474e-7	0.11835806903602754	1.4930079781142669	1.512260651242028
4.421052631578947e-7	0.11688883512824112	1.4926679691203002	1.5118856780297296
4.631578947368421e-7	0.11547810821817493	1.4923289936328807	1.511512211363601
4.842105263157895e-7	0.11412067549382905	1.491991067035994	1.5111402535341691
5.052631578947368e-7	0.11281199093795971	1.4916542045717067	1.5107698070095343
5.263157894736842e-7	0.11154806638925881	1.4913184213452	1.5104008744297561
5.473684210526316e-7	0.11032538398218661	1.4909837323296513	1.5100334586014947
5.68421052631579e-7	0.10914082512043993	1.4906501523709732	1.5096675624928995
5.894736842105263e-7	0.10799161237357824	1.4903176961924132	1.5093031892287263
6.105263157894736e-7	0.10687526157394253	1.4899863783990224	1.5089403420856804
6.315789473684211e-7	0.10578954203767783	1.489656213481998	1.5085790244879633
6.526315789473684e-7	0.10473244331055763	1.4893272158229056	1.5082192400030259
6.736842105263158e-7	0.10370214719497878	1.4889993996977866	1.5078609923375053
6.947368421052631e-7	0.10269700408255046	1.4886727792811547	1.5075042853333473
7.157894736842105e-7	0.10171551282068009	1.4883473686498878	1.5071491229640992
7.368421052631579e-7	0.1007563034982206	1.488023181787019	1.5067955093313667
7.578947368421053e-7	0.09981812265656521	1.48770023258543	1.5064434486614275
7.789473684210526e-7	0.09889982052729873	1.4873785348514528	1.506092945301995
8.0e-7	0.09800033997200581	1.4870581023083822	1.5057440037191228
8.210526315789474e-7	0.09711870685885593	1.4867389485999045	1.5053966284942466
8.421052631578948e-7	0.09625402165763308	1.486421087293442	1.5050508243213545
8.631578947368421e-7	0.09540545207262587	1.4861045318834225	1.5047065960042827
8.842105263157895e-7	0.09457222656327866	1.4857892957944718	1.5043639484541278
9.052631578947368e-7	0.09375362862722408	1.485475392384535	1.5040228866867726
9.263157894736842e-7	0.09294899174051006	1.4851628349479282	1.5036834158205223
9.473684210526316e-7	0.09215769486638267	1.4848516367183253	1.5033455410738403
9.68421052631579e-7	0.09137915845762594	1.48454181087168	1.5030092677631852
9.894736842105263e-7	0.09061284088876131	1.4842333705290869	1.502674601300943
1.0105263157894736e-6	0.08985823526378901	1.4839263287595852	1.5023415471934476
1.031578947368421e-6	0.08911486655300331	1.483620698582905	1.5020101110390902
1.0526315789473683e-6	0.08838228901898562	1.4833164929721594	1.5016802985265105
1.0736842105263159e-6	0.08766008389740618	1.4830137248564863	1.501352115432868
1.0947368421052632e-6	0.08694785730294653	1.4827124071236386	1.5010255676221886
1.1157894736842106e-6	0.08624523833460443	1.482412552622528	1.5007006610437865
1.136842105263158e-6	0.08555187735802003	1.4821141741657216	1.5003774017307532
1.1578947368421053e-6	0.08486744444532972	1.4818172845318958	1.5000557957985157
1.1789473684210526e-6	0.08419162795551531	1.4815218964682462	1.499735849443459
1.2e-6	0.08352413324032495	1.481228022692858	1.499417568941609
1.2210526315789473e-6	0.08286468146266268	1.480935675897037	1.4991009606473764
1.2421052631578946e-6	0.08221300851590965	1.4806448687476024	1.4987860309923562
1.2631578947368422e-6	0.08156886403399645	1.4803556138891447	1.4984727864841823
1.2842105263157895e-6	0.0809320104832255	1.480067923946248	1.4981612337054355
1.3052631578947369e-6	0.08030222232786928	1.479781811525679	1.4978513793125994
1.3263157894736842e-6	0.07967928526245933	1.4794972892185445	1.4975432300350668
1.3473684210526316e-6	0.07906299550446383	1.4792143696024185	1.4972367926741925
1.368421052631579e-6	0.07845315914173788	1.478933065243439	1.4969320741023882
1.3894736842105263e-6	0.07784959152972636	1.4786533886983775	1.4966290812622638
1.4105263157894736e-6	0.07725211673393312	1.47837535251668	1.4963278211658066
1.431578947368421e-6	0.07666056701363012	1.4780989692424844	1.4960283008936022
1.4526315789473685e-6	0.07607478234319552	1.4778242514166098	1.4957305275940915
1.4736842105263159e-6	0.07549460996783135	1.477551211578525	1.4954345084828666
1.4947368421052632e-6	0.07491990399073784	1.4772798622682919	1.4951402508419982
1.5157894736842105e-6	0.0743505249890997	1.4770102160284884	1.4948477620193998
1.5368421052631579e-6	0.07378633965650541	1.4767422854061092	1.4945570494282232
1.5578947368421052e-6	0.07322722046963652	1.4764760829544474	1.4942681205462836
1.5789473684210526e-6	0.07267304537727817	1.476211621234956	1.4939809829155157
1.6e-6	0.07212369750987283	1.4759489128190924	1.493695644141459
1.6210526315789473e-6	0.07157906490800721	1.475687970290143	1.4934121118927692
1.6421052631578948e-6	0.0710390402683684	1.475428806245035	1.4931303939007556
1.6631578947368422e-6	0.07050352070583252	1.4751714332961259	1.4928504979589452
1.6842105263157895e-6	0.0699724075304686	1.4749158640729858	1.4925724319226703
1.7052631578947369e-6	0.06944560603834676	1.4746621112241578	1.4922962037086778
1.7263157894736842e-6	0.06892302531513526	1.4744101874189093	1.4920218212947638
1.7473684210526316e-6	0.06840457805155481	1.4741601053489675	1.491749292719426
1.768421052631579e-6	0.06789018036983986	1.4739118777302442	1.4914786260815387
1.7894736842105262e-6	0.0673797516604238	1.4736655173045483	1.4912098295400464
1.8105263157894736e-6	0.06687321442813378	1.4734210368412854	1.4909429113136758
1.8315789473684211e-6	0.06637049414723192	1.4731784491391495	1.4906778796806663
1.8526315789473685e-6	0.06587151912469885	1.4729377670278028	1.4904147429785155
1.8736842105263158e-6	0.06537622037120144	1.472699003369546	1.4901535096037468
1.8947368421052632e-6	0.06488453147923065	1.472462171060979	1.489894188012074
1.9157894736842105e-6	0.06439638850839176	1.4722272830344307	1.4896367867667475
1.936842105263158e-6	0.06391172993404419	1.4719943522316397	1.4893813206308293
1.9578947368421052e-6	0.06343050372657713	1.471763388121227	1.4891285762198376
1.9789473684210526e-6	0.06295356377063877	1.4715339613847915	1.4889764788294197
2.0e-6	0.06257828999332903	1.4712405514194806	1.5012479487821562
2.0210526315789473e-6	0.062363231900238694	1.4707225657068628	1.5176627164836838
2.0421052631578946e-6	0.062209413417238256	1.4700165006136932	1.5174638661705722
2.063157894736842e-6	0.06205428112317083	1.4693072603597896	1.5170349005479724
2.0842105263157893e-6	0.06189713067677035	1.4685979869481467	1.5166017337327147
2.1052631578947366e-6	0.06173793811147293	1.467888725783875	1.5161675072670338
2.1263157894736844e-6	0.0615766890738534	1.467179479699854	1.5157322594718514
2.1473684210526317e-6	0.06141336939086524	1.466470251649327	1.5152959853646515
2.168421052631579e-6	0.061247964942049676	1.4657610453142833	1.5148586797355008
2.1894736842105264e-6	0.06108046166463391	1.4650518651215902	1.5144203377668772
2.2105263157894738e-6	0.06091084556074088	1.464342716250894	1.513980955049977
2.231578947368421e-6	0.06073910270482486	1.4636336046425793	1.513540527592541
2.2526315789473685e-6	0.06056521925130951	1.4629245370059039	1.513099051826743
2.273684210526316e-6	0.060389181442432084	1.4622155208272924	1.5126565246172583
2.294736842105263e-6	0.06021097561629189	1.4615065643787841	1.5122129432695124
2.3157894736842105e-6	0.06003058821511049	1.4607976767266184	1.5117683055381033
2.336842105263158e-6	0.059848005793699456	1.4600888677399502	1.5113226096353944
2.357894736842105e-6	0.0596632150281435	1.4593801480996802	1.5108758542402703
2.3789473684210525e-6	0.059476202724694886	1.4586715293073889	1.5104280385070514
2.4e-6	0.0592869558288847	1.457963023694362	1.5099791620745622
2.4210526315789472e-6	0.0590954614348498	1.4572546444306897	1.5095292250753451
2.4421052631578946e-6	0.05890170679487572	1.4565464055344326	1.5090782281450135
2.463157894736842e-6	0.05870567932915793	1.4558383218808322	1.508626172431739
2.4842105263157893e-6	0.05850736663578099	1.455130409211557	1.5081730596058633
2.505263157894737e-6	0.05830675650091322	1.4544226841439656	1.5077188918696278
2.5263157894736844e-6	0.05810383690922161	1.453715164180371	1.5072636719670118
2.5473684210526317e-6	0.057898596054499415	1.4530078677172906	1.5068074031936725
2.568421052631579e-6	0.05769102235051247	1.4523008140546643	1.5063500894069763
2.5894736842105264e-6	0.057481104442057805	1.4515940234050213	1.505891735036112
2.6105263157894738e-6	0.05726883121623337	1.4508875169025812	1.5054323450922755
2.631578947368421e-6	0.057054191813919394	1.4501813166122663	1.5049719251789164
2.6526315789473685e-6	0.05683717564146614	1.449475445538609	1.504510481502036
2.673684210526316e-6	0.056617772382585446	1.4487699276345318	1.504048020880522
2.694736842105263e-6	0.056395972010443725	1.4480647878099817	1.5035845507565124
2.7157894736842105e-6	0.056171764799951056	1.4473600519403964	1.503120079205772
2.736842105263158e-6	0.05594514134024195	1.44665574687498	1.5026546149480715
2.757894736842105e-6	0.055716092547343894	1.4459519004447685	1.5021881673575532
2.7789473684210525e-6	0.055484609677028354	1.4452485414704592	1.5017207464730709
2.8e-6	0.05525068433783461	1.4445456997699828	1.5012523630084875
2.8210526315789472e-6	0.055014308504266474	1.443843406165794	1.5007830283629178
2.8421052631578946e-6	0.05477547453014689	1.4431416924918543	1.5003127546308963
2.863157894736842e-6	0.054534175162129425	1.4424405916002843	1.4998415546124595
2.8842105263157897e-6	0.054290403553353794	1.4417401373676597	1.4993694418231198
2.905263157894737e-6	0.054044153277238355	1.441040364700923	1.498896430503718
2.9263157894736844e-6	0.053795418341400295	1.440341309542887	1.4984225356301328
2.9473684210526317e-6	0.053544193201691744	1.4396430088773018	1.4979477729228323
2.968421052631579e-6	0.053290472776341025	1.4389455007334593	1.4974721588562465
2.9894736842105264e-6	0.05303425246019034	1.4382488241903042	1.4969957106679397
3.0105263157894737e-6	0.05277552813901191	1.4375530193800294	1.4965184463675656
3.031578947368421e-6	0.052514296203895784	1.4368581274911225	1.4960403847455834
3.0526315789473684e-6	0.05225055356569159	1.4361641907708358	1.4955615453817124
3.0736842105263158e-6	0.051984297669490705	1.4354712525270528	1.495081948653105
3.094736842105263e-6	0.051715526509134226	1.4347793571295224	1.4946016157422173
3.1157894736842105e-6	0.051444238641731144	1.4340885500104283	1.4941205686443504
3.136842105263158e-6	0.0511704332021685	1.4333988776642688	1.4936388301748444
3.157894736842105e-6	0.05089410991759961	1.4327103876470149	1.493156423975901
3.1789473684210525e-6	0.05061526912188764	1.4320231285745206	1.4926733745230074
3.2e-6	0.05033391176998961	1.4313371501201524	1.492189707130943
3.221052631578947e-6	0.050050039452261795	1.430652503011613	1.4917054479593408
3.2421052631578945e-6	0.04976365440866169	1.429969239026929	1.4912206240177825
3.2631578947368423e-6	0.04947475954283245	1.4292874109895752	1.4907352631703998
3.2842105263157897e-6	0.049183358436042914	1.4286070727627072	1.4902493941399593
3.305263157894737e-6	0.048889455360963514	1.4279282792424746	1.4897630465114051
3.3263157894736843e-6	0.04859305529525647	1.42725108635039	1.489276250734837
3.3473684210526317e-6	0.04829416393495454	1.4265755510247258	1.4887890381278965
3.368421052631579e-6	0.04799278770760562	1.4259017312109152	1.4883014408775375
3.3894736842105264e-6	0.047688933785160766	1.4252296858509315	1.4878134920411574
3.4105263157894737e-6	0.04738261009657602	1.4245594748716228	1.487325225547065
3.431578947368421e-6	0.04707382534010858	1.4238911591719818	1.4868366761942602
3.4526315789473684e-6	0.04676258899527655	1.4232248006093247	1.4863478796515022
3.4736842105263158e-6	0.04644891133446003	1.4225604619843635	1.4858588724556432
3.494736842105263e-6	0.0461328034341129	1.421898207025152	1.4853696920092068
3.5157894736842105e-6	0.04581427718556337	1.4212381003698855	1.4848803765771854
3.536842105263158e-6	0.04549334530537247	1.4205802075485432	1.4843909652830378
3.557894736842105e-6	0.04517002134522406	1.419924594963353	1.4839014981038674
3.5789473684210525e-6	0.04484431970132175	1.4192713298680733	1.4834120158647564
3.6e-6	0.04451625562326086	1.4186204803460751	1.482922560232243
3.621052631578947e-6	0.044185845222352374	1.4179721152872196	1.48243317370692
3.6421052631578945e-6	0.04385310547936858	1.417326304363522	1.481943899615138
3.6631578947368423e-6	0.04351805425168468	1.4166831180036006	1.481454782099798
3.6842105263157896e-6	0.04318071027978958	1.4160426273659037	1.4809658661102203
3.705263157894737e-6	0.04284109319313893	1.41540490431072	1.4804771973910729
3.7263157894736843e-6	0.042499223515323176	1.4147700213709709	1.479988822470351
3.7473684210526317e-6	0.04215512266852784	1.4141380517217899	1.4795007886463964
3.768421052631579e-6	0.041808812977256825	1.4135090691489003	1.479013143973945
3.7894736842105264e-6	0.041460317671297875	1.412883148015795	1.4785259372491992
3.8105263157894737e-6	0.04110966088790336	1.4122603632297384	1.4780392179939181
3.831578947368421e-6	0.04075686767316634	1.4116407902065977	1.4775530364385219
3.852631578947368e-6	0.04040196398256646	1.4110245048345305	1.4770674435042548
3.873684210526316e-6	0.04004497668068106	1.4104115834365207	1.4765824907860328
3.894736842105263e-6	0.03968593354046365	1.4098021027310566	1.4760982305945745
3.9157894736842104e-6	0.039324863257540664	1.4091961397647128	1.4756147181590675
3.936842105263158e-6	0.03896179603462332	1.408593770884634	1.4751320910014138
3.957894736842105e-6	0.03859678457529532	1.407995036820796	1.4746533914563702
3.9789473684210525e-6	0.03823065022206171	1.4073987136583623	1.4742844765131833
4.0e-6	0.03788998687275722	1.4067566661452153	1.4777555871479575
4.021052631578947e-6	0.037595252860492666	1.4060111727016866	1.4811775646440275
4.0421052631578945e-6	0.0373205356287052	1.4052050271597143	1.4808252117960126
4.063157894736842e-6	0.03704422558034085	1.4043946789113286	1.4803673071668786
4.084210526315789e-6	0.03676574620177795	1.4035817134236626	1.4799049665875121
4.1052631578947365e-6	0.036485074017732426	1.4027661150162087	1.4794409820232786
4.126315789473684e-6	0.036202200958869855	1.4019478211579093	1.4789754131503652
4.147368421052631e-6	0.03591711931793213	1.4011267657524664	1.4785082426024079
4.168421052631579e-6	0.035629821317557334	1.4003028802431223	1.4780394503542063
4.189473684210526e-6	0.035340299090522144	1.3994760935250576	1.4775690158023873
4.210526315789473e-6	0.035048544671366984	1.3986463318171296	1.477096917801663
4.2315789473684215e-6	0.03475454998795798	1.3978135185251275	1.4766231346417305
4.252631578947369e-6	0.034458306852641306	1.3969775740969523	1.4761476440213317
4.273684210526316e-6	0.03415980695295765	1.3961384158691694	1.4756704230210353
4.2947368421052635e-6	0.0338590418418972	1.395295957904309	1.4751914480747161
4.315789473684211e-6	0.03355600292767384	1.394450110818237	1.4747106949396593
4.336842105263158e-6	0.03325068146299042	1.393600781596858	1.4742281386652092
4.3578947368421055e-6	0.03294306853377581	1.3927478734013472	1.4737437535598752
4.378947368421053e-6	0.03263315504736171	1.3918912853610341	1.4732575131568049
4.4e-6	0.03232093172007332	1.3910309123529867	1.4727693901775236
4.4210526315789476e-6	0.032006389064202403	1.3901666447672527	1.4722793564938372
4.442105263157895e-6	0.03168951737432985	1.3892983682566178	1.4717873830877806
4.463157894736842e-6	0.03137030671296262	1.3884259634696348	1.4712934400094937
4.48421052631579e-6	0.0310487468954492	1.3875493057655581	1.470797496332891
4.505263157894737e-6	0.03072482747413245	1.3866682649096842	1.4702995201089857
4.526315789473684e-6	0.030398537721695484	1.3857827047474514	1.469799478316714
4.547368421052632e-6	0.030069866613658004	1.3848924828554863	1.4692973368110966
4.568421052631579e-6	0.02973880280997276	1.3839974501676062	1.46879306026856
4.589473684210526e-6	0.029405334635666754	1.3830974505735707	1.4682866121292284
4.610526315789474e-6	0.02906945006047357	1.3821923204881574	1.4677779545359753
4.631578947368421e-6	0.028731136677395457	1.3812818883878686	1.4672670482700152
4.652631578947368e-6	0.028390381680127235	1.3803659743122936	1.466753852682792
4.673684210526316e-6	0.02804717183927264	1.3794443893268176	1.4662383256238984
4.694736842105263e-6	0.02770149347727766	1.3785169349430069	1.4657204233647465
4.71578947368421e-6	0.027353332441995445	1.3775834024925782	1.4652001005176747
4.736842105263158e-6	0.027002674078796248	1.3766435724503931	1.464677309950157
4.757894736842105e-6	0.026649503201125562	1.3756972137013848	1.4641520026937462
4.7789473684210524e-6	0.026293804059403878	1.3747440827457122	1.4636241278473503
4.8e-6	0.025935560308156008	1.3737839228357556	1.4630936324744068
4.821052631578947e-6	0.02557475497124941	1.37281646303777	1.4625604614934775
4.8421052631578945e-6	0.025211370405102247	1.3718414172101154	1.4620245575617374
4.863157894736842e-6	0.02484538825972036	1.370858482888951	1.461485860950792
4.884210526315789e-6	0.0244767894374049	1.369867340071086	1.460944309414189
4.9052631578947365e-6	0.024105554048953405	1.3688676498823191	1.4603998380459378
4.926315789473684e-6	0.02373166136717169	1.3678590531180155	1.459852379129278
4.947368421052631e-6	0.02335508977748492	1.3668411686408313	1.4593018619748586
4.9684210526315785e-6	0.02297581672542793	1.365813591618387	1.4587482127474103
4.989473684210527e-6	0.022593818660761825	1.3647758915811992	1.4581913542798852
5.010526315789474e-6	0.022209070977949556	1.3637276102782967	1.4576312058739447
5.0315789473684214e-6	0.021821547952691464	1.3626682593045576	1.4570676830855378
5.052631578947369e-6	0.02143122267419023	1.3615973174698188	1.456500697494189
5.073684210526316e-6	0.021038066972787088	1.3605142278751137	1.4559301564544491
5.0947368421052635e-6	0.02064205134256626	1.3594183946558311	1.4553559628277901
5.115789473684211e-6	0.020243144858487442	1.3583091793449846	1.4547780146930276
5.136842105263158e-6	0.019841315087557355	1.3571858968018988	1.4541962050331232
5.1578947368421055e-6	0.01943652799349438	1.3560478106421954	1.4536104213959642
5.178947368421053e-6	0.019028747834286385	1.3548941280936138	1.4530205455264222
5.2e-6	0.018617937051966012	1.3537239941885102	1.4524264529666542
5.2210526315789475e-6	0.018204056153854217	1.3525364851872677	1.451828012621221
5.242105263157895e-6	0.01778706358443222	1.3513306011065975	1.4512250862831597
5.263157894736842e-6	0.01736691558690356	1.3501052572019003	1.4506175281166231
5.2842105263157896e-6	0.01694356605338776	1.348859274222297	1.4500051840911143
5.305263157894737e-6	0.016516966362559882	1.3475913672190822	1.4493878913616534
5.326315789473684e-6	0.016087065203395794	1.34630013264119	1.4487654775884096
5.347368421052632e-6	0.015653808383506114	1.344984033392108	1.4481377601884056
5.368421052631579e-6	0.015217138620344264	1.3436413814480328	1.4475045455108013
5.389473684210526e-6	0.014776995313334068	1.342270317542154	1.4468656279259828
5.410526315789474e-6	0.01433331429469482	1.340868787298425	1.4462207888171712
5.431578947368421e-6	0.013886027556418013	1.3394345130412801	1.4455697954614721
5.452631578947368e-6	0.013435062950484767	1.3379649603034902	1.4449123997851692
5.473684210526316e-6	0.012980343858969474	1.3364572977859623	1.4442483369755184
5.494736842105263e-6	0.012521788830162446	1.3349083491672362	1.4435773239282808
5.51578947368421e-6	0.012059311176234268	1.3333145346830748	1.442899057506568
5.536842105263158e-6	0.011592818527238804	1.3316717997493337	1.4422132125821738
5.557894736842105e-6	0.011122212335385536	1.3299755270130322	1.441519439825206
5.578947368421052e-6	0.010647387322469126	1.3282204269812432	1.4408173632012948
5.6e-6	0.010168230862101288	1.3264004006346535	1.4401065771276322
5.621052631578947e-6	0.009684622286859769	1.3245083649350984	1.4393866432291864
5.6421052631578944e-6	0.009196432108629927	1.3225360284950596	1.4386570866241353
5.663157894736842e-6	0.008703521138144616	1.320473599266721	1.4379173916521726
5.684210526315789e-6	0.008205739486936826	1.3183093978987814	1.4371669969399783
5.7052631578947365e-6	0.00770292543145006	1.3160293376582854	1.4364052896735722
5.726315789473684e-6	0.007194904114726454	1.313616211484127	1.4356315989158774
5.747368421052631e-6	0.006681486055634708	1.311048693349534	1.4348451877673418
5.768421052631579e-6	0.006162465428681809	1.3082999043955144	1.4340452441148146
5.789473684210527e-6	0.005637618068600016	1.3053352941531478	1.433230869644733
5.810526315789474e-6	0.005106699142455167	1.302109402188565	1.4324010667048968
5.831578947368421e-6	0.004569440417103987	1.2985607051387675	1.431554722475933
5.852631578947369e-6	0.004025547030138925	1.2946030058324105	1.4306905897461963
5.873684210526316e-6	0.0034746936462023387	1.2901101411624964	1.4298072633536776
5.8947368421052634e-6	0.002916519845110833	1.2848866235473753	1.4289031510410817
5.915789473684211e-6	0.0023506245403784954	1.2786051082453809	1.4279764370773576
5.936842105263158e-6	0.001776559170227148	1.2706521705575913	1.4270250372098574
5.9578947368421055e-6	0.0011938194581763903	1.2596510503796339	1.4260465540361915
5.978947368421053e-6	0.0006018373802477228	1.241209464015231	1.425038388072633
6.0e-6	1.7085765857833182e-21	5.989460963187387e-23	1.4239999999999997
