0.0	0.0	0.0	-5.020000000777774
6.623931623931625e-10	0.0	0.0	-5.020000000777732
1.324786324786325e-9	0.0	0.0	-5.020000000777677
1.9871794871794876e-9	0.0	0.0	-5.020000000777589
2.64957264957265e-9	0.0	0.0	-5.0200000007774355
3.3119658119658123e-9	0.0	0.0	-5.0200000007771655
3.974358974358975e-9	0.0	0.0	-5.020000000776684
4.6367521367521375e-9	0.0	0.0	-5.020000000775823
5.2991452991453e-9	0.0	0.0	-5.020000000774284
5.961538461538462e-9	0.0	0.0	-5.020000000771532
6.623931623931625e-9	0.0	0.0	-5.020000000766609
7.286324786324787e-9	0.0	0.0	-5.020000000757803
7.94871794871795e-9	0.0	0.0	-5.020000000742052
8.611111111111113e-9	0.0	0.0	-5.020000000713877
9.273504273504275e-9	0.0	0.0	-5.020000000663482
9.935897435897437e-9	0.0	0.0	-5.020000000573339
1.05982905982906e-8	0.0	0.0	-5.020000000412099
1.1260683760683762e-8	0.0	0.0	-5.020000000123686
1.1923076923076925e-8	0.0	0.0	-5.019999999607799
1.2585470085470087e-8	0.0	0.0	-5.019999998685023
1.324786324786325e-8	0.0	0.0	-5.019999997034442
1.3910256410256412e-8	0.0	0.0	-5.019999994082025
1.4572649572649574e-8	0.0	0.0	-5.019999988800997
1.5235042735042738e-8	0.0	0.0	-5.019999979354748
1.5984375000000003e-8	0.0	0.0	-5.019999959687328
1.6468750000000003e-8	0.0	0.0	-5.019999937242837
1.6953125000000003e-8	0.0	0.0	-5.019999902983125
1.7437500000000003e-8	0.0	0.0	-5.019999850537124
1.7921875000000003e-8	0.0	0.0	-5.019999770151791
1.8406250000000003e-8	0.0	0.0	-5.019999646878427
1.8890625000000003e-8	0.0	0.0	-5.019999457792833
1.9375000000000003e-8	0.0	0.0	-5.019999167732431
1.9859375000000003e-8	0.0	0.0	-5.019998722757747
2.0343750000000003e-8	0.0	0.0	-5.019998040122708
2.0828125000000003e-8	0.0	0.0	-5.019996992889451
2.1312500000000003e-8	0.0	0.0	-5.019995386328582
2.1796875000000003e-8	0.0	0.0	-5.019992921721014
2.2281250000000003e-8	0.0	0.0	-5.019989140841123
2.2765625000000003e-8	0.0	0.0	-5.019983340823747
2.3250000000000006e-8	0.0	0.0	-5.019974443646066
2.3734375000000006e-8	0.0	0.0	-5.019960796100174
2.4218750000000006e-8	0.0	0.0	-5.019939863405274
2.4703125000000006e-8	0.0	0.0	-5.019907760297362
2.5187500000000006e-8	0.0	0.0	-5.019858534309331
2.5671875000000006e-8	0.0	0.0	-5.019783072443277
2.6156250000000006e-8	0.0	0.0	-5.019667438410789
2.6640625000000006e-8	0.0	0.0	-5.019490355704976
2.7125000000000006e-8	0.0	0.0	-5.019219425253126
2.7609375000000006e-8	0.0	0.0	-5.018805505121196
2.8093750000000006e-8	0.0	0.0	-5.018174505047124
2.8578125000000006e-8	0.0	0.0	-5.0172157363564835
2.9062500000000006e-8	0.0	0.0	-5.015766101192718
2.9546875000000006e-8	0.0	0.0	-5.013590205536508
3.0031250000000006e-8	0.0	0.0	-5.010358596792869
3.0515625e-8	0.0	0.0	-5.00563040843074
3.1000000000000006e-8	0.0	0.0	-4.9988522315241575
3.180971659919029e-8	0.0	0.0	-4.996491199371609
3.2619433198380574e-8	0.0	0.0	-4.994130168077772
3.3429149797570854e-8	0.0	0.0	-4.991769137567698
3.423886639676114e-8	0.0	0.0	-4.989408107772979
3.504858299595142e-8	0.0	0.0	-4.987047078631175
3.585829959514171e-8	0.0	0.0	-4.9846860500852985
3.666801619433199e-8	0.0	0.0	-4.982325022083336
3.7477732793522277e-8	0.0	0.0	-4.9799639945778145
3.828744939271256e-8	0.0	0.0	-4.977602967525402
3.909716599190284e-8	0.0	0.0	-4.9752419408865505
3.9906882591093125e-8	0.0	0.0	-4.972880914625163
4.0716599190283405e-8	0.0	0.0	-4.970519888708295
4.152631578947369e-8	0.0	0.0	-4.968158863105874
4.233603238866397e-8	0.0	0.0	-4.965797837790456
4.314574898785426e-8	0.0	0.0	-4.96343681273699
4.395546558704454e-8	0.0	0.0	-4.961075787922613
4.476518218623483e-8	0.0	0.0	-4.958714763326456
4.557489878542511e-8	0.0	0.0	-4.956353738929472
4.6384615384615395e-8	0.0	0.0	-4.953992714714278
4.7194331983805675e-8	0.0	0.0	-4.951631690665006
4.8004048582995956e-8	0.0	0.0	-4.949270666767174
4.881376518218624e-8	0.0	0.0	-4.946909643007565
4.962348178137652e-8	0.0	0.0	-4.944548619374113
5.043319838056681e-8	0.0	0.0	-4.942187595855808
5.124291497975709e-8	0.0	0.0	-4.939826572442599
5.205263157894738e-8	0.0	0.0	-4.937465549125313
5.286234817813766e-8	0.0	0.0	-4.935104525895579
5.3672064777327945e-8	0.0	0.0	-4.932743502745753
5.4481781376518226e-8	0.0	0.0	-4.930382479668862
5.5291497975708506e-8	0.0	0.0	-4.92802145665854
5.6101214574898794e-8	0.0	0.0	-4.925660433708975
5.6910931174089074e-8	0.0	0.0	-4.923299410814867
5.772064777327936e-8	0.0	0.0	-4.920938387971374
5.853036437246964e-8	0.0	0.0	-4.918577365174077
5.934008097165993e-8	0.0	0.0	-4.916216342418946
6.014979757085022e-8	0.0	0.0	-4.913855319702299
6.09595141700405e-8	0.0	0.0	-4.911494297020779
6.176923076923078e-8	0.0	0.0	-4.909133274371318
6.257894736842106e-8	0.0	0.0	-4.90677225175112
6.338866396761134e-8	0.0	0.0	-4.904411229157628
6.419838056680163e-8	0.0	0.0	-4.902050206588513
6.500809716599191e-8	0.0	0.0	-4.899689184041647
6.581781376518219e-8	0.0	0.0	-4.897328161515088
6.662753036437247e-8	0.0	0.0	-4.894967139007064
6.743724696356277e-8	0.0	0.0	-4.892606116515956
6.824696356275305e-8	0.0	0.0	-4.890245094040289
6.905668016194333e-8	0.0	0.0	-4.887884071578714
6.986639676113361e-8	0.0	0.0	-4.8855230491300015
7.06761133603239e-8	0.0	0.0	-4.88316202669303
7.148582995951418e-8	0.0	0.0	-4.880801004266773
7.229554655870446e-8	0.0	0.0	-4.8784399818502955
7.310526315789474e-8	0.0	0.0	-4.8760789594427445
7.391497975708502e-8	0.0	0.0	-4.873717937043342
7.472469635627532e-8	0.0	0.0	-4.871356914651374
7.55344129554656e-8	0.0	0.0	-4.868995892266193
7.634412955465588e-8	0.0	0.0	-4.866634869887208
7.715384615384616e-8	0.0	0.0	-4.864273847513877
7.796356275303645e-8	0.0	0.0	-4.861912825145706
7.877327935222673e-8	0.0	0.0	-4.859551802782245
7.958299595141701e-8	0.0	0.0	-4.857190780423083
8.03927125506073e-8	0.0	0.0	-4.854829758067845
8.120242914979757e-8	0.0	0.0	-4.8524687357161875
8.201214574898787e-8	0.0	0.0	-4.8501077133678
8.282186234817815e-8	0.0	0.0	-4.847746691022395
8.363157894736843e-8	0.0	0.0	-4.845385668679714
8.444129554655871e-8	0.0	0.0	-4.843024646339517
8.5251012145749e-8	0.0	0.0	-4.840663624001589
8.606072874493928e-8	0.0	0.0	-4.838302601665731
8.687044534412956e-8	0.0	0.0	-4.835941579331763
8.768016194331984e-8	0.0	0.0	-4.833580556999521
8.848987854251012e-8	0.0	0.0	-4.831219534668851
8.929959514170042e-8	0.0	0.0	-4.82885851233962
9.01093117408907e-8	0.0	0.0	-4.8264974900116995
9.091902834008098e-8	0.0	0.0	-4.824136467684975
9.172874493927126e-8	0.0	0.0	-4.821775445359345
9.253846153846155e-8	0.0	0.0	-4.8194144230347105
9.334817813765183e-8	0.0	0.0	-4.817053400710987
9.415789473684211e-8	0.0	0.0	-4.814692378388093
9.49676113360324e-8	0.0	0.0	-4.812331356065958
9.577732793522268e-8	0.0	0.0	-4.8099703337445145
9.658704453441297e-8	0.0	0.0	-4.807609311423703
9.739676113360325e-8	0.0	0.0	-4.805248289103468
9.820647773279353e-8	0.0	0.0	-4.80288726678376
9.901619433198381e-8	0.0	0.0	-4.800526244464531
9.98259109311741e-8	0.0	0.0	-4.79816522214574
1.0063562753036438e-7	0.0	0.0	-4.79580419982735
1.0144534412955467e-7	0.0	0.0	-4.793443177509325
1.0225506072874495e-7	0.0	0.0	-4.791082155191633
1.0306477732793523e-7	0.0	0.0	-4.788721132874246
1.0387449392712552e-7	0.0	0.0	-4.786360110557135
1.046842105263158e-7	0.0	0.0	-4.783999088240279
1.0549392712550608e-7	0.0	0.0	-4.781638065923653
1.0630364372469636e-7	0.0	0.0	-4.779277043607238
1.0711336032388666e-7	0.0	0.0	-4.776916021291017
1.0792307692307694e-7	0.0	0.0	-4.774554998974971
1.0873279352226722e-7	0.0	0.0	-4.772193976659086
1.095425101214575e-7	0.0	0.0	-4.769832954343347
1.1035222672064779e-7	0.0	0.0	-4.767471932027742
1.1116194331983807e-7	0.0	0.0	-4.765110909712259
1.1197165991902835e-7	0.0	0.0	-4.762749887396887
1.1278137651821863e-7	0.0	0.0	-4.760388865081617
1.1359109311740891e-7	0.0	0.0	-4.75802784276644
1.144008097165992e-7	0.0	0.0	-4.7556668204513475
1.1521052631578949e-7	0.0	0.0	-4.753305798136332
1.1602024291497977e-7	0.0	0.0	-4.750944775821387
1.1682995951417005e-7	0.0	0.0	-4.748583753506507
1.1763967611336034e-7	0.0	0.0	-4.746222731191685
1.1844939271255062e-7	0.0	0.0	-4.743861708876918
1.192591093117409e-7	0.0	0.0	-4.7415006865621985
1.200688259109312e-7	0.0	0.0	-4.739139664247524
1.2087854251012148e-7	0.0	0.0	-4.736778641932891
1.2168825910931176e-7	0.0	0.0	-4.734417619618295
1.2249797570850204e-7	0.0	0.0	-4.732056597303733
1.2330769230769232e-7	0.0	0.0	-4.729695574989202
1.241174089068826e-7	0.0	0.0	-4.727334552674698
1.2492712550607288e-7	0.0	0.0	-4.724973530360221
1.2573684210526316e-7	0.0	0.0	-4.722612508045768
1.2654655870445347e-7	0.0	0.0	-4.720251485731335
1.2735627530364375e-7	0.0	0.0	-4.717890463416923
1.2816599190283403e-7	0.0	0.0	-4.715529441102529
1.289757085020243e-7	0.0	0.0	-4.71316841878815
1.297854251012146e-7	0.0	0.0	-4.710807396473788
1.3059514170040487e-7	0.0	0.0	-4.708446374159438
1.3140485829959515e-7	0.0	0.0	-4.706085351845101
1.3221457489878543e-7	0.0	0.0	-4.703724329530775
1.330242914979757e-7	0.0	0.0	-4.70136330721646
1.3383400809716602e-7	0.0	0.0	-4.699002284902154
1.346437246963563e-7	0.0	0.0	-4.696641262587857
1.3545344129554658e-7	0.0	0.0	-4.694280240273567
1.3626315789473686e-7	0.0	0.0	-4.691919217959286
1.3707287449392714e-7	0.0	0.0	-4.689558195645009
1.3788259109311742e-7	0.0	0.0	-4.68719717333074
1.386923076923077e-7	0.0	0.0	-4.6848361510164755
1.3950202429149798e-7	0.0	0.0	-4.682475128702217
1.4031174089068826e-7	0.0	0.0	-4.680114106387962
1.4112145748987857e-7	0.0	0.0	-4.677753084073712
1.4193117408906885e-7	0.0	0.0	-4.675392061759465
1.4274089068825913e-7	0.0	0.0	-4.673031039445221
1.435506072874494e-7	0.0	0.0	-4.670670017130981
1.443603238866397e-7	0.0	0.0	-4.668308994816744
1.4517004048582997e-7	0.0	0.0	-4.66594797250251
1.4597975708502025e-7	0.0	0.0	-4.663586950188277
1.4678947368421053e-7	0.0	0.0	-4.661225927874047
1.475991902834008e-7	0.0	0.0	-4.6588649055598195
1.4840890688259112e-7	0.0	0.0	-4.656503883245593
1.492186234817814e-7	0.0	0.0	-4.654142860931368
1.5002834008097168e-7	0.0	0.0	-4.651781838617145
1.5083805668016196e-7	0.0	0.0	-4.649420816302923
1.5164777327935224e-7	0.0	0.0	-4.647059793988703
1.5245748987854252e-7	0.0	0.0	-4.644698771674483
1.532672064777328e-7	0.0	0.0	-4.642337749360265
1.5407692307692308e-7	0.0	0.0	-4.639976727046048
1.5488663967611336e-7	0.0	0.0	-4.637615704731831
1.5569635627530367e-7	0.0	0.0	-4.6352546824176155
1.5650607287449395e-7	0.0	0.0	-4.6328936601034005
1.5731578947368423e-7	0.0	0.0	-4.630532637789186
1.581255060728745e-7	0.0	0.0	-4.6281716154749715
1.589352226720648e-7	0.0	0.0	-4.625810593160758
1.5974493927125507e-7	0.0	0.0	-4.623449570846545
1.6055465587044535e-7	0.0	0.0	-4.621088548532333
1.6136437246963563e-7	0.0	0.0	-4.61872752621812
1.621740890688259e-7	0.0	0.0	-4.616366503903908
1.6298380566801622e-7	0.0	0.0	-4.614005481589697
1.637935222672065e-7	0.0	0.0	-4.611644459275485
1.6460323886639678e-7	0.0	0.0	-4.609283436961274
1.6541295546558706e-7	0.0	0.0	-4.606922414647062
1.6622267206477734e-7	0.0	0.0	-4.604561392332851
1.6703238866396762e-7	0.0	0.0	-4.6022003700186405
1.678421052631579e-7	0.0	0.0	-4.599839347704429
1.6865182186234818e-7	0.0	0.0	-4.597478325390218
1.6946153846153846e-7	0.0	0.0	-4.595117303076007
1.7027125506072877e-7	0.0	0.0	-4.592756280761796
1.7108097165991905e-7	0.0	0.0	-4.590395258447584
1.7189068825910933e-7	0.0	0.0	-4.588034236133373
1.727004048582996e-7	0.0	0.0	-4.585673213819161
1.735101214574899e-7	0.0	0.0	-4.58331219150495
1.7431983805668017e-7	0.0	0.0	-4.580951169190738
1.7512955465587045e-7	0.0	0.0	-4.578590146876525
1.7593927125506073e-7	0.0	0.0	-4.576229124562313
1.7674898785425101e-7	0.0	0.0	-4.5738681022481
1.7755870445344132e-7	0.0	0.0	-4.571507079933886
1.783684210526316e-7	0.0	0.0	-4.569146057619672
1.7917813765182188e-7	0.0	0.0	-4.5667850353054575
1.7998785425101216e-7	0.0	0.0	-4.564424012991243
1.8079757085020244e-7	0.0	0.0	-4.562062990677027
1.8160728744939272e-7	0.0	0.0	-4.55970196836281
1.82417004048583e-7	0.0	0.0	-4.557340946048592
1.8322672064777328e-7	0.0	0.0	-4.554979923734374
1.8403643724696356e-7	0.0	0.0	-4.552618901420154
1.8484615384615387e-7	0.0	0.0	-4.550257879105933
1.8565587044534415e-7	0.0	0.0	-4.547896856791711
1.8646558704453443e-7	0.0	0.0	-4.545535834477488
1.872753036437247e-7	0.0	0.0	-4.543174812163263
1.88085020242915e-7	0.0	0.0	-4.540813789849037
1.8889473684210527e-7	0.0	0.0	-4.5384527675348085
1.8970445344129555e-7	0.0	0.0	-4.5360917452205785
1.9051417004048583e-7	0.0	0.0	-4.533730722906346
1.9132388663967612e-7	0.0	0.0	-4.53136970059211
1.9213360323886642e-7	0.0	0.0	-4.529008678277873
1.929433198380567e-7	0.0	0.0	-4.526647655963632
1.9375303643724698e-7	0.0	0.0	-4.524286633649389
1.9456275303643726e-7	0.0	0.0	-4.521925611335141
1.9537246963562754e-7	0.0	0.0	-4.519564589020891
1.9618218623481782e-7	0.0	0.0	-4.517203566706635
1.969919028340081e-7	0.0	0.0	-4.514842544392375
1.9780161943319839e-7	0.0	0.0	-4.512481522078111
1.986113360323887e-7	0.0	0.0	-4.51012049976384
1.9942105263157897e-7	0.0	0.0	-4.5077594774495635
2.0023076923076925e-7	0.0	0.0	-4.50539845513528
2.0104048582995953e-7	0.0	0.0	-4.50303743282099
2.0185020242914981e-7	0.0	0.0	-4.500676410506691
2.026599190283401e-7	0.0	0.0	-4.498315388192385
2.0346963562753038e-7	0.0	0.0	-4.495954365878068
2.0427935222672066e-7	0.0	0.0	-4.493593343563741
2.0508906882591094e-7	0.0	0.0	-4.491232321249401
2.0589878542510124e-7	0.0	0.0	-4.4888712989350505
2.0670850202429152e-7	0.0	0.0	-4.4865102766206855
2.075182186234818e-7	0.0	0.0	-4.484149254306305
2.0832793522267208e-7	0.0	0.0	-4.481788231991908
2.0913765182186236e-7	0.0	0.0	-4.479427209677493
2.0994736842105265e-7	0.0	0.0	-4.477066187363059
2.1075708502024293e-7	0.0	0.0	-4.4747051650486025
2.115668016194332e-7	0.0	0.0	-4.472344142734122
2.123765182186235e-7	0.0	0.0	-4.469983120419615
2.131862348178138e-7	0.0	0.0	-4.467622098105079
2.1399595141700407e-7	0.0	0.0	-4.4652610757905125
2.1480566801619435e-7	0.0	0.0	-4.462900053475912
2.1561538461538464e-7	0.0	0.0	-4.460539031161273
2.1642510121457492e-7	0.0	0.0	-4.458178008846593
2.172348178137652e-7	0.0	0.0	-4.455816986531867
2.1804453441295548e-7	0.0	0.0	-4.453455964217093
2.1885425101214576e-7	0.0	0.0	-4.451094941902263
2.1966396761133604e-7	0.0	0.0	-4.448733919587375
2.2047368421052634e-7	0.0	0.0	-4.446372897272421
2.2128340080971662e-7	0.0	0.0	-4.444011874957395
2.220931174089069e-7	0.0	0.0	-4.441650852642292
2.2290283400809719e-7	0.0	0.0	-4.439289830327103
2.2371255060728747e-7	0.0	0.0	-4.436928808011819
2.2452226720647775e-7	0.0	0.0	-4.434567785696433
2.2533198380566803e-7	0.0	0.0	-4.4322067633809334
2.261417004048583e-7	0.0	0.0	-4.429845741065312
2.269514170040486e-7	0.0	0.0	-4.427484718749553
2.277611336032389e-7	0.0	0.0	-4.425123696433647
2.2857085020242918e-7	0.0	0.0	-4.422762674117578
2.2938056680161946e-7	0.0	0.0	-4.420401651801331
2.3019028340080974e-7	0.0	0.0	-4.4180406294848895
2.3100000000000002e-7	0.0	0.0	-4.415679607168234
2.3180645161290325e-7	0.0	0.0	-4.413328105102622
2.3261290322580648e-7	0.0	0.0	-4.410976603036756
2.334193548387097e-7	0.0	0.0	-4.408625100970611
2.3422580645161293e-7	0.0	0.0	-4.4062735989041615
2.3503225806451614e-7	0.0	0.0	-4.403922096837378
2.3583870967741937e-7	0.0	0.0	-4.401570594770227
2.366451612903226e-7	0.0	0.0	-4.399219092702676
2.3745161290322582e-7	0.0	0.0	-4.396867590634686
2.3825806451612905e-7	0.0	0.0	-4.394516088566215
2.390645161290323e-7	0.0	0.0	-4.392164586497217
2.398709677419355e-7	0.0	0.0	-4.389813084427643
2.4067741935483874e-7	0.0	0.0	-4.387461582357437
2.4148387096774194e-7	0.0	0.0	-4.385110080286538
2.422903225806452e-7	0.0	0.0	-4.382758578214882
2.430967741935484e-7	0.0	0.0	-4.380407076142396
2.4390322580645166e-7	0.0	0.0	-4.378055574069001
2.4470967741935486e-7	0.0	0.0	-4.375704071994611
2.4551612903225806e-7	0.0	0.0	-4.373352569919129
2.463225806451613e-7	0.0	0.0	-4.371001067842454
2.471290322580645e-7	0.0	0.0	-4.368649565764471
2.479354838709678e-7	0.0	0.0	-4.366298063685055
2.48741935483871e-7	0.0	0.0	-4.363946561604071
2.4954838709677424e-7	0.0	0.0	-4.361595059521368
2.5035483870967744e-7	0.0	0.0	-4.359243557436783
2.5116129032258064e-7	0.0	0.0	-4.356892055350137
2.519677419354839e-7	0.0	0.0	-4.354540553261233
2.527741935483871e-7	0.0	0.0	-4.352189051169858
2.5358064516129035e-7	0.0	0.0	-4.349837549075774
2.5438709677419356e-7	0.0	0.0	-4.347486046978725
2.551935483870968e-7	0.0	0.0	-4.345134544878427
2.56e-7	0.0	0.0	-4.342783042774572
2.5680645161290327e-7	0.0	0.0	-4.340431540666821
2.576129032258065e-7	0.0	0.0	-4.3380800385548035
2.584193548387097e-7	0.0	0.0	-4.335728536438112
2.5922580645161293e-7	0.0	0.0	-4.333377034316301
2.6003225806451614e-7	0.0	0.0	-4.331025532188886
2.608387096774194e-7	0.0	0.0	-4.32867403005533
2.616451612903226e-7	0.0	0.0	-4.32632252791505
2.6245161290322585e-7	0.0	0.0	-4.323971025767404
2.6325806451612905e-7	0.0	0.0	-4.321619523611694
2.640645161290323e-7	0.0	0.0	-4.319268021447149
2.648709677419355e-7	0.0	0.0	-4.316916519272929
2.656774193548387e-7	0.0	0.0	-4.314565017088111
2.6648387096774197e-7	0.0	0.0	-4.312213514891688
2.6729032258064517e-7	0.0	0.0	-4.3098620126825535
2.6809677419354843e-7	0.0	0.0	-4.307510510459498
2.6890322580645163e-7	0.0	0.0	-4.305159008221196
2.697096774193549e-7	0.0	0.0	-4.302807505966194
2.705161290322581e-7	0.0	0.0	-4.300456003692903
2.713225806451613e-7	0.0	0.0	-4.298104501399583
2.7212903225806455e-7	0.0	0.0	-4.295752999084323
2.7293548387096775e-7	0.0	0.0	-4.2934014967450365
2.73741935483871e-7	0.0	0.0	-4.291049994379434
2.745483870967742e-7	0.0	0.0	-4.288698491985011
2.7535483870967746e-7	0.0	0.0	-4.286346989559022
2.7616129032258067e-7	0.0	0.0	-4.283995487098462
2.769677419354839e-7	0.0	0.0	-4.281643984600039
2.777741935483871e-7	0.0	0.0	-4.2792924820601455
2.7858064516129033e-7	0.0	0.0	-4.276940979474835
2.793870967741936e-7	0.0	0.0	-4.274589476839781
2.801935483870968e-7	0.0	0.0	-4.272237974150247
2.8100000000000004e-7	0.0	0.0	-4.269886471401046
2.8180645161290324e-7	0.0	0.0	-4.267534968586495
2.826129032258065e-7	0.0	0.0	-4.265183465700372
2.834193548387097e-7	0.0	0.0	-4.262831962735861
2.8422580645161296e-7	0.0	0.0	-4.260480459685497
2.8503225806451616e-7	0.0	0.0	-4.258128956541105
2.8583870967741936e-7	0.0	0.0	-4.2557774532937325
2.866451612903226e-7	0.0	0.0	-4.25342594993357
2.874516129032258e-7	0.0	0.0	-4.251074446449881
2.882580645161291e-7	0.0	0.0	-4.248722942830899
2.890645161290323e-7	0.0	0.0	-4.246371439063743
2.8987096774193554e-7	0.0	0.0	-4.244019935134301
2.9067741935483874e-7	0.0	0.0	-4.241668431027122
2.9148387096774194e-7	0.0	0.0	-4.239316926725279
2.922903225806452e-7	0.0	0.0	-4.236965422210236
2.930967741935484e-7	0.0	0.0	-4.234613917461689
2.9390322580645166e-7	0.0	0.0	-4.2322624124574055
2.9470967741935486e-7	0.0	0.0	-4.22991090717303
2.955161290322581e-7	0.0	0.0	-4.227559401581892
2.963225806451613e-7	0.0	0.0	-4.22520789565478
2.9712903225806457e-7	0.0	0.0	-4.222856389359699
2.979354838709678e-7	0.0	0.0	-4.220504882661611
2.98741935483871e-7	0.0	0.0	-4.21815337552214
2.9954838709677423e-7	0.0	0.0	-4.215801867899252
3.0035483870967744e-7	0.0	0.0	-4.213450359746916
3.011612903225807e-7	0.0	0.0	-4.211098851014714
3.019677419354839e-7	0.0	0.0	-4.208747341647427
3.0277419354838715e-7	0.0	0.0	-4.2063958315845795
3.0358064516129035e-7	0.0	0.0	-4.2040443207599365
3.0438709677419356e-7	0.0	0.0	-4.201692809100955
3.051935483870968e-7	0.0	0.0	-4.199341296528185
3.06e-7	0.0	0.0	-4.196989782954608
3.0680645161290327e-7	0.0	0.0	-4.194638268284924
3.0761290322580647e-7	0.0	0.0	-4.192286752414756
3.0841935483870973e-7	0.0	0.0	-4.1899352352297825
3.0922580645161293e-7	0.0	0.0	-4.187583716604803
3.100322580645162e-7	0.0	0.0	-4.18523219640269
3.108387096774194e-7	0.0	0.0	-4.18288067447326
3.116451612903226e-7	0.0	0.0	-4.180529150652027
3.1245161290322585e-7	0.0	0.0	-4.178177624758841
3.1325806451612905e-7	0.0	0.0	-4.175826096596397
3.140645161290323e-7	0.0	0.0	-4.173474565948602
3.148709677419355e-7	0.0	0.0	-4.171123032578786
3.1567741935483876e-7	0.0	0.0	-4.168771496227737
3.1648387096774197e-7	0.0	0.0	-4.166419956611563
3.172903225806452e-7	0.0	0.0	-4.1640684134193355
3.180967741935484e-7	0.0	0.0	-4.161716866310518
3.1890322580645163e-7	0.0	0.0	-4.159365314912143
3.197096774193549e-7	0.0	0.0	-4.157013758815728
3.205161290322581e-7	0.0	0.0	-4.154662197573888
3.2132258064516134e-7	0.0	0.0	-4.152310630696636
3.2212903225806454e-7	0.0	0.0	-4.1499590576473215
3.229354838709678e-7	0.0	0.0	-4.147607477838189
3.23741935483871e-7	0.0	0.0	-4.145255890625511
3.245483870967742e-7	0.0	0.0	-4.142904295304254
3.2535483870967746e-7	0.0	0.0	-4.140552691102242
3.2616129032258066e-7	0.0	0.0	-4.138201077173765
3.269677419354839e-7	0.0	0.0	-4.135849452592569
3.277741935483871e-7	0.0	0.0	-4.13349781634419
3.285806451612904e-7	0.0	0.0	-4.131146167317549
3.293870967741936e-7	0.0	0.0	-4.128794504295753
3.3019354838709684e-7	0.0	0.0	-4.12644282594601
3.3100000000000004e-7	0.0	0.0	-4.124091130808596
3.318269230769231e-7	0.0	0.0	-4.106034582881299
3.326538461538462e-7	0.0	0.0	-4.088839611399339
3.334807692307693e-7	0.0	0.0	-4.072505934829766
3.3430769230769237e-7	0.0	0.0	-4.057033042592814
3.3513461538461545e-7	0.0	0.0	-4.042420041428265
3.359615384615385e-7	0.0	0.0	-4.02866542417448
3.3678846153846156e-7	0.0	0.0	-4.015766739000687
3.3761538461538464e-7	0.0	0.0	-4.003720141313512
3.384423076923077e-7	0.0	0.0	-3.992519821766061
3.392692307692308e-7	0.0	0.0	-3.9821573231309473
3.400961538461539e-7	0.0	0.0	-3.97262078515092
3.4092307692307697e-7	0.0	0.0	-3.9638941856663488
3.4175000000000005e-7	0.0	0.0	-3.9559566711590635
3.4257692307692313e-7	0.0	0.0	-3.9487820817428316
3.434038461538462e-7	0.0	0.0	-3.9423387674860484
3.4423076923076925e-7	0.0	0.0	-3.9365897625035355
3.4505769230769233e-7	0.0	0.0	-3.9314933350546877
3.458846153846154e-7	0.0	0.0	-3.927003876635679
3.467115384615385e-7	0.0	0.0	-3.923073044155924
3.475384615384616e-7	0.0	0.0	-3.919651038108174
3.4836538461538466e-7	0.0	0.0	-3.9166878917354095
3.4919230769230774e-7	0.0	0.0	-3.914134660173776
3.500192307692308e-7	0.0	0.0	-3.911944427684284
3.508461538461539e-7	0.0	0.0	-3.9100730864749824
3.51673076923077e-7	0.0	0.0	-3.9084798742397613
3.525e-7	0.0	0.0	-3.9071276841116287
3.533269230769231e-7	0.0	0.0	-3.905983178094235
3.541538461538462e-7	0.0	0.0	-3.905016743548943
3.5498076923076926e-7	0.0	0.0	-3.9042023337929637
3.5580769230769234e-7	0.0	0.0	-3.9035172306193253
3.566346153846154e-7	0.0	0.0	-3.9029417607299406
3.574615384615385e-7	0.0	0.0	-3.9024589913392953
3.582884615384616e-7	0.0	0.0	-3.902054423659557
3.5911538461538467e-7	0.0	0.0	-3.901715697232246
3.5994230769230775e-7	0.0	0.0	-3.9014323133809654
3.6076923076923083e-7	0.0	0.0	-3.901195382446096
3.6159615384615386e-7	0.0	0.0	-3.90099739681942
3.6242307692307694e-7	0.0	0.0	-3.900832029962125
3.6325000000000003e-7	0.0	0.0	-3.9006939603910333
3.640769230769231e-7	0.0	0.0	-3.9005787188965044
3.649038461538462e-7	0.0	0.0	-3.900482556877713
3.6573076923076927e-7	0.0	0.0	-3.9004023335403906
3.6655769230769235e-7	0.0	0.0	-3.900335419717745
3.6738461538461544e-7	0.0	0.0	-3.900279616187633
3.682115384615385e-7	0.0	0.0	-3.900233084526076
3.690384615384616e-7	0.0	0.0	-3.900194288729892
3.6986538461538463e-7	0.0	0.0	-3.9001619460405084
3.706923076923077e-7	0.0	0.0	-3.9001349855949314
3.715192307692308e-7	0.0	0.0	-3.900112513711259
3.723461538461539e-7	0.0	0.0	-3.9000937847814514
3.7317307692307696e-7	0.0	0.0	-3.9000781768917943
3.7400000000000004e-7	0.0	0.0	-3.900065171421677
3.745961538461539e-7	0.0	0.0	-3.9000571415333023
3.7519230769230773e-7	0.0	0.0	-3.9000501006895325
3.757884615384616e-7	0.0	0.0	-3.900043927142775
3.763846153846154e-7	0.0	0.0	-3.9000385141151197
3.7698076923076927e-7	0.0	0.0	-3.9000337679616424
3.775769230769231e-7	0.0	0.0	-3.9000296065581526
3.7817307692307696e-7	0.0	0.0	-3.9000259578861654
3.787692307692308e-7	0.0	0.0	-3.900022758791142
3.7936538461538466e-7	0.0	0.0	-3.9000199538928952
3.799615384615385e-7	0.0	0.0	-3.900017494629623
3.8055769230769235e-7	0.0	0.0	-3.9000153384192373
3.811538461538462e-7	0.0	0.0	-3.9000134479236723
3.8175000000000004e-7	0.0	0.0	-3.9000117904035565
3.823461538461539e-7	0.0	0.0	-3.9000103371521893
3.8294230769230773e-7	0.0	0.0	-3.9000090629990987
3.835384615384616e-7	0.0	0.0	-3.9000079458746515
3.841346153846154e-7	0.0	0.0	-3.9000069664282146
3.8473076923076927e-7	0.0	0.0	-3.900006107693303
3.853269230769231e-7	0.0	0.0	-3.9000053547939295
3.8592307692307696e-7	0.0	0.0	-3.9000046946871056
3.865192307692308e-7	0.0	0.0	-3.9000041159370387
3.8711538461538466e-7	0.0	0.0	-3.9000036085171317
3.877115384615385e-7	0.0	0.0	-3.9000031636363692
3.8830769230769235e-7	0.0	0.0	-3.900002773587079
3.889038461538462e-7	0.0	0.0	-3.9000024316114494
3.8950000000000004e-7	0.0	0.0	-3.9000021317844866
3.900961538461539e-7	0.0	0.0	-3.9000018689113904
3.9069230769230773e-7	0.0	0.0	-3.900001638437574
3.912884615384616e-7	0.0	0.0	-3.900001436369768
3.918846153846154e-7	0.0	0.0	-3.900001259206846
3.9248076923076927e-7	0.0	0.0	-3.9000011038791738
3.930769230769231e-7	0.0	0.0	-3.9000009676954304
3.9367307692307696e-7	0.0	0.0	-3.9000008482959836
3.942692307692308e-7	0.0	0.0	-3.900000743612009
3.9486538461538466e-7	0.0	0.0	-3.9000006518296497
3.954615384615385e-7	0.0	0.0	-3.900000571358587
3.9605769230769235e-7	0.0	0.0	-3.9000005008044893
3.966538461538462e-7	0.0	0.0	-3.900000438944855
3.9725000000000004e-7	0.0	0.0	-3.9000003847078295
3.978461538461539e-7	0.0	0.0	-3.9000003371536334
3.9844230769230773e-7	0.0	0.0	-3.9000002954582826
3.990384615384616e-7	0.0	0.0	-3.900000258899309
3.996346153846154e-7	0.0	0.0	-3.9000002268432428
4.0023076923076927e-7	0.0	0.0	-3.900000198734636
4.008269230769231e-7	0.0	0.0	-3.9000001740864416
4.0142307692307696e-7	0.0	0.0	-3.90000015247157
4.020192307692308e-7	0.0	0.0	-3.900000133515491
4.0261538461538466e-7	0.0	0.0	-3.900000116889745
4.032115384615385e-7	0.0	0.0	-3.90000010230625
4.0380769230769235e-7	0.0	0.0	-3.9000000895123113
4.044038461538462e-7	0.0	0.0	-3.900000078286243
4.0500000000000004e-7	0.0	0.0	-3.9000000684335254
4.055961538461539e-7	0.0	0.0	-3.9000000597834354
4.0619230769230773e-7	0.0	0.0	-3.9000000521860896
4.067884615384616e-7	0.0	0.0	-3.9000000455098442
4.073846153846154e-7	0.0	0.0	-3.9000000396390173
4.0798076923076927e-7	0.0	0.0	-3.9000000344718817
4.085769230769231e-7	0.0	0.0	-3.9000000299189046
4.0917307692307696e-7	0.0	0.0	-3.9000000259011935
4.097692307692308e-7	0.0	0.0	-3.900000022349132
4.1036538461538466e-7	0.0	0.0	-3.9000000192011712
4.109615384615385e-7	0.0	0.0	-3.9000000164027653
4.1155769230769235e-7	0.0	0.0	-3.9000000139054243
4.121538461538462e-7	0.0	0.0	-3.9000000116658766
4.1275000000000004e-7	0.0	0.0	-3.900000009645315
4.133461538461539e-7	0.0	0.0	-3.9000000078087296
4.1394230769230773e-7	0.0	0.0	-3.9000000061242956
4.145384615384616e-7	0.0	0.0	-3.900000004562827
4.151346153846154e-7	0.0	0.0	-3.900000003097267
4.1573076923076927e-7	0.0	0.0	-3.900000001702221
4.163269230769231e-7	0.0	0.0	-3.9000000003535162
4.1692307692307696e-7	0.0	0.0	-3.899999999027783
