             NaN
  -1.5554236e-06
   7.0177993e-07
   2.6322907e-06
   4.2843775e-06
   5.6991500e-06
   6.9128175e-06
   7.9565252e-06
   8.8556395e-06
   9.6321811e-06
   1.0305389e-05
   1.0891691e-05
   1.1401195e-05
   1.1847156e-05
   1.2237470e-05
   1.2575284e-05
   1.2867337e-05
   1.3109976e-05
   1.3300645e-05
   1.3426990e-05
   1.3473169e-05
   1.3403646e-05
   1.3182259e-05
   1.2740947e-05
   1.1990520e-05
   1.0860248e-05
   9.1941275e-06
   6.9325538e-06
   3.9627179e-06
   2.3792262e-07
  -4.2603190e-06
  -9.5308210e-06
  -1.5571791e-05
  -2.2401570e-05
  -3.0073126e-05
  -3.8680920e-05
  -4.8361558e-05
  -5.9293872e-05
  -7.1698268e-05
  -8.5837594e-05
  -1.0201982e-04
  -1.2060875e-04
  -1.4203614e-04
  -1.6679194e-04
  -1.9546828e-04
  -2.2875365e-04
  -2.6747111e-04
  -3.1259381e-04
  -3.6528666e-04
  -4.2694469e-04
  -4.9924656e-04
  -5.8421950e-04
  -6.8432273e-04
  -8.0255363e-04
  -9.4258562e-04
  -1.1089355e-03
  -1.3072026e-03
  -1.5443420e-03
  -1.8290616e-03
  -2.1723253e-03
  -2.5880169e-03
  -3.0938145e-03
  -3.7123662e-03
  -4.4728817e-03
  -5.4131898e-03
  -6.5825867e-03
  -8.0455999e-03
  -9.8871240e-03
  -1.2219259e-02
  -1.5190446e-02
  -1.8998114e-02
  -2.3905116e-02
  -3.0261081e-02
  -3.8532809e-02
  -4.9341697e-02
  -6.3513629e-02
  -8.2143773e-02
  -1.0667825e-01
  -1.3901883e-01
  -1.8165587e-01
  -2.3783534e-01
  -3.1178026e-01
  -4.0896166e-01
  -5.3649419e-01
  -7.0361590e-01
  -9.2237042e-01
  -1.2085291e+00
  -1.5828095e+00
  -2.0725457e+00
  -2.7138686e+00
  -3.5546722e+00
  -4.6584989e+00
  -6.1097312e+00
  -8.0203665e+00
  -1.0539035e+01
  -1.3863465e+01
  -1.8255611e+01
  -2.4062826e+01
  -3.1745841e+01
  -4.1914719e+01
  -5.5376520e+01
