             NaN
  -2.1679809e-04
  -2.1057037e-04
  -2.0433435e-04
  -1.9810132e-04
  -1.9188325e-04
  -1.8569339e-04
  -1.7954249e-04
  -1.7344040e-04
  -1.6740575e-04
  -1.6144847e-04
  -1.5560029e-04
  -1.4984924e-04
  -1.4424215e-04
  -1.3882092e-04
  -1.3363204e-04
  -1.2874606e-04
  -1.2426553e-04
  -1.2034488e-04
  -1.1719828e-04
  -1.1511431e-04
  -1.1451552e-04
  -1.1596462e-04
  -1.2021270e-04
  -1.2826033e-04
  -1.4139360e-04
  -1.6121658e-04
  -1.8969745e-04
  -2.2916872e-04
  -2.8231635e-04
  -3.5205943e-04
  -4.4143240e-04
  -5.5336672e-04
  -6.9029477e-04
  -8.5393027e-04
  -1.0448698e-03
  -1.2623345e-03
  -1.5041852e-03
  -1.7671726e-03
  -2.0474286e-03
  -2.3410190e-03
  -2.6446074e-03
  -2.9555617e-03
  -3.2724563e-03
  -3.5945965e-03
  -3.9222372e-03
  -4.2553645e-03
  -4.5950547e-03
  -4.9414486e-03
  -5.2955118e-03
  -5.6573860e-03
  -6.0271645e-03
  -6.4049144e-03
  -6.7901819e-03
  -7.1827075e-03
  -7.5811086e-03
  -7.9863903e-03
  -8.3965358e-03
  -8.8109641e-03
  -9.2266756e-03
  -9.6449873e-03
  -1.0063766e-02
  -1.0483622e-02
  -1.0901611e-02
  -1.1317570e-02
  -1.1730084e-02
  -1.2138875e-02
  -1.2541310e-02
  -1.2937772e-02
  -1.3327660e-02
  -1.3710121e-02
  -1.4084017e-02
  -1.4449157e-02
  -1.4805941e-02
  -1.5152393e-02
  -1.5489442e-02
  -1.5815949e-02
  -1.6131943e-02
  -1.6439081e-02
  -1.6733980e-02
  -1.7016342e-02
  -1.7292921e-02
  -1.7556197e-02
  -1.7809426e-02
  -1.8052409e-02
  -1.8285126e-02
  -1.8501909e-02
  -1.8716277e-02
  -1.8943413e-02
  -1.9119265e-02
  -1.9302076e-02
  -1.9488447e-02
  -1.9653893e-02
  -1.9813674e-02
  -1.9968064e-02
  -2.0113567e-02
  -2.0252432e-02
  -2.0385685e-02
  -2.0509291e-02
  -2.0630044e-02
  -2.0740346e-02
