0.0	1.2	1.2	-3.8200000007777732
6.150793650793653e-10	0.12108866046193975	1.1999999624040558	-3.8200000383737556
1.2301587301587305e-9	0.10316399079761863	1.1999999248081104	-3.820000075969749
1.8452380952380957e-9	0.09267286554347691	1.1999998872121662	-3.820000113565768
2.460317460317461e-9	0.08522305787543415	1.199999849616221	-3.8200001511618358
3.0753968253968264e-9	0.07943809320898065	1.1999998120202766	-3.820000188757988
3.6904761904761914e-9	0.07470485483250634	1.1999997744243311	-3.8200002263542876
4.305555555555557e-9	0.07069628948690726	1.1999997368283866	-3.82000026395084
4.920634920634922e-9	0.06721717745514158	1.1999996992324422	-3.8200003015478283
5.535714285714287e-9	0.0641415999991166	1.1999996616364972	-3.820000339145565
6.150793650793653e-9	0.0613835827074975	1.1999996240405517	-3.8200003767445874
6.765873015873018e-9	0.05888180557884764	1.1999995864446074	-3.8200004143458184
7.380952380952383e-9	0.056590994259774145	1.1999995488486632	-3.8200004519508437
7.996031746031749e-9	0.054476768990320924	1.1999995112527182	-3.820000489562385
8.611111111111114e-9	0.05251240793349605	1.1999994736567732	-3.8200005271851203
9.226190476190478e-9	0.05067672987171004	1.1999994360608286	-3.8200005648270823
9.841269841269844e-9	0.04895266162763752	1.199999398464884	-3.8200006025020707
1.045634920634921e-8	0.04732624055185583	1.1999993608689397	-3.8200006402337876
1.1071428571428574e-8	0.04578590256167931	1.199999323272996	-3.8200006780629474
1.168650793650794e-8	0.04432196292805668	1.199999285677052	-3.820000716059483
1.2301587301587306e-8	0.042926230393837736	1.1999992480811084	-3.820000754343519
1.291666666666667e-8	0.0415917155346047	1.1999992104851671	-3.820000793121392
1.3531746031746036e-8	0.04031240702170847	1.1999991728892276	-3.820000832747524
1.4146825396825401e-8	0.03908309765420478	1.1999991352932933	-3.820000873830703
1.4761904761904766e-8	0.03789924743439337	1.1999990976973647	-3.820000917416639
1.5376984126984133e-8	0.03675687460033528	1.1999990601014485	-3.8200009653015377
1.5961309523809528e-8	0.035706829169774544	1.199999024385346	-3.8200010176318915
1.642261904761905e-8	0.03490026187666486	1.199998996188444	-3.8200010668288855
1.6883928571428574e-8	0.03411218615631813	1.199998967991571	-3.820001126524161
1.73452380952381e-8	0.03334150756539626	1.1999989397947397	-3.820001202030733
1.7806547619047624e-8	0.03258721830729511	1.1999989115979734	-3.820001301328618
1.8267857142857145e-8	0.031848388283152444	1.1999988834013056	-3.820001436410892
1.872916666666667e-8	0.031124157211644014	1.1999988552047822	-3.820001625306691
1.9190476190476195e-8	0.03041372763779431	1.1999988270084143	-3.8200018951224144
1.9651785714285716e-8	0.02971635866947297	1.1999987988125755	-3.8200022866142014
2.011309523809524e-8	0.029031360287959357	1.1999987706169715	-3.820002861063207
2.0574404761904765e-8	0.028358088078305473	1.1999987424222975	-3.8200037106136686
2.103571428571429e-8	0.02769593821074428	1.199998714228655	-3.820004973818874
2.1497023809523815e-8	0.027044342471331237	1.199998686036701	-3.820006859019376
2.1958333333333336e-8	0.02640276308732287	1.1999986578473367	-3.8200096795023817
2.241964285714286e-8	0.02577068700164417	1.1999986296617509	-3.8200139063850256
2.2880952380952386e-8	0.02514761911298753	1.199998601481907	-3.820020248169298
2.3342261904761907e-8	0.024533073784091912	1.1999985733106735	-3.8200297704502675
2.3803571428571432e-8	0.02392656359500018	1.199998545152387	-3.8200440761110768
2.4264880952380957e-8	0.02332758382000869	1.1999985170135634	-3.8200655767198555
2.4726190476190478e-8	0.022735590343355424	1.1999984889039879	-3.8200979016327516
2.51875e-8	0.022149967544597363	1.1999984608383485	-3.8201465154548337
2.5648809523809524e-8	0.02156998082129515	1.1999984328386832	-3.8202196517456337
2.611011904761905e-8	0.02099470541880445	1.1999984049380168	-3.820329728959927
2.657142857142857e-8	0.02042291826722781	1.1999983771857556	-3.8204955068416266
2.7032738095238092e-8	0.019852930957549662	1.1999983496556195	-3.8207453914163043
2.7494047619047617e-8	0.01928232647813441	1.1999983224571744	-3.821122548513393
2.795535714285714e-8	0.01870753256303007	1.1999982957523012	-3.82169292711201
2.8416666666666663e-8	0.01812310336091888	1.1999982697779794	-3.822558110778802
2.8877976190476184e-8	0.017520445397853225	1.1999982448762245	-3.823876532298276
2.933928571428571e-8	0.016885393824479553	1.1999982215296572	-3.8259000542880055
2.9800595238095234e-8	0.016193149018638775	1.1999982003948122	-3.8290411112996665
3.026190476190475e-8	0.015396280424955732	1.1999981823105452	-3.8340074233189596
3.0723214285714283e-8	0.014390858762853013	1.1999981682292484	-3.8421091375008536
3.1000000000000006e-8	0.013592614959517562	1.199998162006659	-3.8497994382771608
3.1754527162977874e-8	0.013592614959486275	1.199924476869906	-3.8540586999856954
3.250905432595574e-8	0.013592614959368124	1.1998614351684003	-3.857990860621118
3.326358148893361e-8	0.013592614959124397	1.1998068801700401	-3.8616420762410284
3.401810865191148e-8	0.013592614958707333	1.1997592009814746	-3.8650493537912736
3.4772635814889346e-8	0.013592614958059678	1.1997171701539269	-3.8682428179419532
3.552716297786721e-8	0.013592614957111468	1.1996798360069718	-3.871247317191717
3.6281690140845076e-8	0.013592614955780413	1.199646449305343	-3.8740835875075588
3.7036217303822944e-8	0.013592614953969486	1.1996164121482573	-3.8767691120726053
3.779074446680081e-8	0.013592614951565288	1.1995892415983564	-3.8793187676138308
3.854527162977868e-8	0.013592614948436535	1.1995645433187	-3.8817453178545227
3.929979879275655e-8	0.013592614944432788	1.1995419921459787	-3.884059795508903
4.0054325955734416e-8	0.013592614939382637	1.1995213175603145	-3.886271801714642
4.0808853118712284e-8	0.013592614933092207	1.1995022926698615	-3.8883897434235255
4.156338028169015e-8	0.013592614925340687	1.1994847257567374	-3.8904210235585017
4.231790744466802e-8	0.013592614915883502	1.1994684537154048	-3.892372194780522
4.307243460764589e-8	0.01359261490444439	1.1994533369070486	-3.8942490849120444
4.3826961770623756e-8	0.013592614890719059	1.199439255085845	-3.8960569000623164
4.4581488933601624e-8	0.013592614874368022	1.199426104145351	-3.897800310047282
4.533601609657949e-8	0.01359261485501849	1.1994137934986655	-3.8994835196301008
4.609054325955736e-8	0.01359261483226034	1.1994022439528493	-3.9011103283155046
4.684507042253523e-8	0.013592614805643926	1.1993913859721426	-3.902684180835764
4.7599597585513096e-8	0.013592614774677901	1.1993811582494636	-3.9042082100143687
4.8354124748490964e-8	0.013592614738828165	1.1993715065241846	-3.9056852733476877
4.910865191146883e-8	0.013592614697513487	1.199362382598036	-3.9071179843777957
4.98631790744467e-8	0.013592614650105807	1.199353743511444	-3.908508739721712
5.061770623742457e-8	0.013592614595925511	1.1993455508506126	-3.909859742459143
5.1372233400402437e-8	0.01359261453424048	1.1993377701617418	-3.9111730224519192
5.2126760563380305e-8	0.013592614464263084	1.1993303704535592	-3.9124504540657465
5.288128772635817e-8	0.013592614385149868	1.1993233237729983	-3.9136937716827975
5.363581488933604e-8	0.013592614295995101	1.1993166048417863	-3.9149045833275147
5.439034205231391e-8	0.013592614195832643	1.199310190743975	-3.9160843826744314
5.514486921529178e-8	0.013592614083631997	1.1993040606562737	-3.9172345596631803
5.5899396378269645e-8	0.013592613958295115	1.1992981956144952	-3.918356409910117
5.665392354124751e-8	0.01359261381865524	1.1992925783106023	-3.919451143076616
5.740845070422538e-8	0.013592613663474876	1.1992871929157671	-3.9205198903297904
5.816297786720325e-8	0.013592613491442591	1.1992820249256435	-3.9215637110112174
5.891750503018112e-8	0.013592613301171083	1.199277061024664	-3.92258359861244
5.967203219315898e-8	0.013592613091195846	1.1992722889666823	-3.9235804861419408
6.042655935613686e-8	0.013592612859971966	1.1992676974697147	-3.9245552509564443
6.118108651911472e-8	0.013592612605871735	1.1992632761228759	-3.9255087191194358
6.193561368209258e-8	0.013592612327184199	1.1992590153038842	-3.9264416693413304
6.269014084507046e-8	0.013592612022112215	1.1992549061057716	-3.92735483654856
6.344466800804833e-8	0.013592611688770259	1.199250940271616	-3.9282489151227193
6.419919517102619e-8	0.013592611325182085	1.1992471101362943	-3.9291245618457005
6.495372233400405e-8	0.013592610929280732	1.1992434085743806	-3.929982398582248
6.570824949698193e-8	0.013592610498904317	1.1992398289534625	-3.930823014727534
6.64627766599598e-8	0.013592610031796494	1.199236365092213	-3.9316469694440013
6.721730382293767e-8	0.01359260952560376	1.199233011222675	-3.9324547937088794
6.797183098591553e-8	0.01359260897787346	1.1992297619562635	-3.9332469921912647
6.87263581488934e-8	0.013592608386052758	1.1992266122530706	-3.9340240449755015
6.948088531187128e-8	0.01359260774748797	1.1992235573941012	-3.9347864091457105
7.023541247484914e-8	0.013592607059422019	1.1992205929561235	-3.9355345202446728
7.0989939637827e-8	0.013592606318993408	1.1992177147888432	-3.93626879361882
7.174446680080487e-8	0.0135926055232355	1.1992149189941617	-3.936989625659834
7.249899396378275e-8	0.013592604669075734	1.1992122019072995	-3.937697394952234
7.325352112676061e-8	0.01359260375333335	1.1992095600795842	-3.9383924633353655
7.400804828973847e-8	0.013592602772719987	1.199206990262744	-3.9390751768873216
7.476257545271635e-8	0.013592601723836865	1.1992044893945528	-3.939745866837583
7.551710261569422e-8	0.013592600603177393	1.199202054585684	-3.9404048504144744
7.627162977867208e-8	0.013592599407122864	1.1991996831076732	-3.9410524316329374
7.702615694164994e-8	0.013592598131944173	1.1991973723818643	-3.9416889020275865
7.778068410462782e-8	0.013592596773801723	1.19919511996926	-3.94231454133554
7.853521126760569e-8	0.013592595328742576	1.199192923561182	-3.942929618133092
7.928973843058355e-8	0.013592593792703257	1.1991907809706763	-3.9435343904299143
8.004426559356142e-8	0.01359259216150873	1.199188690124581	-3.944129106224132
8.079879275653929e-8	0.013592590430871401	1.199186649056217	-3.944714004021326
8.155331991951716e-8	0.013592588596391796	1.1991846558986254	-3.9452893133202265
8.230784708249503e-8	0.013592586653559325	1.1991827088783187	-3.945855255067624
8.306237424547289e-8	0.013592584597752876	1.1991808063094962	-3.946412042084813
8.381690140845076e-8	0.013592582424239759	1.1991789465886813	-3.946959879467662
8.457142857142864e-8	0.013592580128177763	1.1991771281897459	-3.947498964962246
8.53259557344065e-8	0.013592577704615843	1.1991753496592985	-3.948029489317803
8.608048289738436e-8	0.013592575148492747	1.1991736096123893	-3.9485516366186335
8.683501006036223e-8	0.013592572454641579	1.1991719067285254	-3.9490655845964264
8.758953722334011e-8	0.013592569617787018	1.199170239747949	-3.9495715049243763
8.834406438631797e-8	0.013592566632550216	1.1991686074681844	-3.95006956349435
8.909859154929583e-8	0.013592563493445915	1.1991670087408075	-3.950559920678249
8.98531187122737e-8	0.013592560194887193	1.1991654424684333	-3.951042731574641
9.060764587525158e-8	0.013592556731185784	1.1991639076019078	-3.9515181462416376
9.136217303822944e-8	0.013592553096552353	1.19916240313768	-3.951986309916923
9.21167002012073e-8	0.01359254928510094	1.1991609281153384	-3.952447363225775
9.287122736418517e-8	0.013592545290846953	1.1991594816153153	-3.9529014423778492
9.362575452716303e-8	0.013592541107712606	1.1991580627567309	-3.9533486793534447
9.438028169014089e-8	0.013592536729526813	1.1991566706953711	-3.9537892020799155
9.513480885311875e-8	0.013592532150027573	1.1991553046217929	-3.954223134598841
9.588933601609661e-8	0.013592527362864835	1.1991539637595496	-3.954650597224531
9.664386317907447e-8	0.013592522361600936	1.199152647363514	-3.955071706694392
9.739839034205233e-8	0.013592517139715446	1.1991513547183137	-3.9554865763116482
9.81529175050302e-8	0.013592511690605278	1.1991500851368528	-3.955895316080879
9.890744466800806e-8	0.013592506007588306	1.1991488379589212	-3.9562980328367954
9.966197183098592e-8	0.013592500083905817	1.199147612549889	-3.9566948303666547
1.0041649899396378e-7	0.013592493912724851	1.199146408299472	-3.957085809526689
1.0117102615694164e-7	0.013592487487140209	1.1991452246205685	-3.9574710683528806
1.019255533199195e-7	0.013592480800180233	1.199144060948167	-3.957850702166423
1.0268008048289736e-7	0.013592473844805037	1.1991429167383094	-3.9582248036741543
1.0343460764587523e-7	0.013592466613912864	1.1991417914671147	-3.9585934630642563
1.0418913480885309e-7	0.01359245910034214	1.199140684629855	-3.9589567680974733
1.0494366197183095e-7	0.013592451296873819	1.199139595740086	-3.959314804194104
1.0569818913480881e-7	0.013592443196235867	1.1991385243288195	-3.959667654516995
1.0645271629778667e-7	0.013592434791104181	1.1991374699437447	-3.9600154000507475
1.0720724346076453e-7	0.013592426074108235	1.1991364321484854	-3.960358119677353
1.079617706237424e-7	0.013592417037832335	1.199135410521906	-3.9606958902484317
1.0871629778672026e-7	0.013592407674820433	1.1991344046574408	-3.961028786654262
1.0947082494969812e-7	0.013592397977577738	1.1991334141624717	-3.961356881889772
1.1022535211267598e-7	0.013592387938576155	1.199132438657728	-3.9616802471176387
1.1097987927565384e-7	0.01359237755025592	1.1991314777767197	-3.9619989517286545
1.117344064386317e-7	0.013592366805029272	1.1991305311652027	-3.962313063399495
1.1248893360160956e-7	0.013592355695285463	1.1991295984806662	-3.962622648148019
1.1324346076458742e-7	0.013592344213391267	1.1991286793918456	-3.9629277703862265
1.1399798792756528e-7	0.013592332351697121	1.1991277735782686	-3.9632284929709916
1.1475251509054315e-7	0.013592320102540191	1.199126880729806	-3.9635248772526737
1.1550704225352101e-7	0.01359230745824631	1.1991260005462645	-3.9638169831217214
1.1626156941649887e-7	0.01359229441113529	1.1991251327369827	-3.964104869053356
1.1701609657947673e-7	0.013592280953522948	1.1991242770204569	-3.9643885921504336
1.1777062374245459e-7	0.013592267077726369	1.1991234331239773	-3.96466820818457
1.1852515090543245e-7	0.013592252776065747	1.1991226007832878	-3.9649437716356126
1.1927967806841031e-7	0.013592238040869458	1.1991217797422558	-3.9652153357295323
1.2003420523138818e-7	0.013592222864475405	1.1991209697525644	-3.9654829524748165
1.2078873239436604e-7	0.013592207239237302	1.1991201705734078	-3.965746672697426
1.215432595573439e-7	0.01359219115752726	1.1991193819712167	-3.966006546074386
1.2229778672032176e-7	0.013592174611736771	1.199118603719378	-3.9662626211660696
1.2305231388329962e-7	0.013592157594284192	1.1991178355979781	-3.9665149454472384
1.2380684104627748e-7	0.013592140097616652	1.1991170773935604	-3.9667635653368887
1.2456136820925534e-7	0.013592122114211517	1.1991163288988815	-3.967008526226964
1.253158953722332e-7	0.01359210363658282	1.1991155899126906	-3.96724987250998
1.2607042253521107e-7	0.01359208465728346	1.199114860239509	-3.9674876476056085
1.2682494969818893e-7	0.013592065168908273	1.1991141396894271	-3.9677218939862704
1.275794768611668e-7	0.013592045164097904	1.199113428077903	-3.9679526532017744
1.2833400402414465e-7	0.013592024635542398	1.1991127252255753	-3.968179965903051
1.2908853118712251e-7	0.01359200357598284	1.1991120309580798	-3.9684038718650085
1.2984305835010037e-7	0.013591981978218204	1.1991113451058786	-3.9686244100085624
1.3059758551307824e-7	0.013591959835104238	1.1991106675040895	-3.9688416184218593
1.313521126760561e-7	0.013591937139559987	1.1991099979923283	-3.9690555343807388
1.3210663983903396e-7	0.013591913884569939	1.199109336414558	-3.9692661943684615
1.3286116700201182e-7	0.013591890063186526	1.199108682618937	-3.9694736340947303
1.3361569416498968e-7	0.013591865668533876	1.1991080364576827	-3.969677888514041
1.3437022132796754e-7	0.013591840693811388	1.1991073977869342	-3.9698789918433808
1.351247484909454e-7	0.013591815132296086	1.1991067664666244	-3.9700769775793097
1.3587927565392327e-7	0.013591788977345575	1.1991061423603513	-3.9702718785144437
1.3663380281690113e-7	0.013591762222400418	1.1991055253352654	-3.9704637267533625
1.37388329979879e-7	0.013591734860989553	1.1991049152619464	-3.9706525537279727
1.3814285714285685e-7	0.013591706886729742	1.1991043120143012	-3.9708383902123363
1.388973843058347e-7	0.013591678293330783	1.1991037154694504	-3.9710212663369964
1.3965191146881257e-7	0.013591649074598328	1.1991031255076319	-3.97120121160281
1.4040643863179043e-7	0.01359161922443403	1.1991025420121002	-3.9713782548943146
1.411609657947683e-7	0.013591588736842021	1.19910196486903	-3.971552424492642
1.4191549295774616e-7	0.013591557605927914	1.1991013939674309	-3.971723748087994
1.4267002012072402e-7	0.013591525825904414	1.1991008291990553	-3.9718922527917084
1.4342454728370188e-7	0.013591493391091674	1.1991002704583174	-3.972057965147911
1.4417907444667974e-7	0.01359146029592064	1.1990997176422067	-3.9722209111447886
1.449336016096576e-7	0.013591426534936427	1.1990991706502203	-3.9723811162254843
1.4568812877263546e-7	0.013591392102797726	1.1990986293842758	-3.972538605298635
1.4644265593561333e-7	0.013591356994283129	1.199098093748648	-3.9726934027485576
1.471971830985912e-7	0.013591321204291419	1.1990975636498933	-3.972845532445109
1.4795171026156905e-7	0.013591284727841704	1.199097038996787	-3.972995017753213
1.487062374245469e-7	0.013591247560080112	1.1990965197002543	-3.9731418815420856
1.4946076458752477e-7	0.013591209696277803	1.1990960056733118	-3.9732861461941544
1.5021529175050263e-7	0.013591171131836173	1.1990954968310037	-3.9734278336136897
1.509698189134805e-7	0.013591131862286554	1.1990949930903443	-3.973566965235158
1.5172434607645836e-7	0.013591091883293646	1.1990944943702633	-3.973703562031301
1.5247887323943622e-7	0.013591051190656036	1.1990940005915514	-3.9738376445209593
1.5323340040241408e-7	0.01359100978031049	1.1990935116768067	-3.9739692327766383
1.5398792756539194e-7	0.013590967648331542	1.1990930275503826	-3.9740983464318345
1.547424547283698e-7	0.013590924790933934	1.199092548138344	-3.9742250046881247
1.5549698189134766e-7	0.01359088120447476	1.1990920733684163	-3.974349226322028
1.5625150905432552e-7	0.013590836885454132	1.19909160316994	-3.9744710296916455
1.5700603621730339e-7	0.013590791830518497	1.199091137473826	-3.97459043274309
1.5776056338028125e-7	0.013590746036461236	1.1990906762125175	-3.974707453016705
1.585150905432591e-7	0.01359069950022319	1.1990902193199422	-3.9748221076530883
1.5926961770623697e-7	0.013590652218896045	1.1990897667314784	-3.9749344133989197
1.6002414486921483e-7	0.013590604189723472	1.199089318383913	-3.9750443866125993
1.607786720321927e-7	0.013590555410100302	1.1990888742154038	-3.9751520432697074
1.6153319919517055e-7	0.013590505877576892	1.199088434165447	-3.9752573989682864
1.6228772635814842e-7	0.013590455589859277	1.199087998174837	-3.9753604689339523
1.6304225352112628e-7	0.01359040454480988	1.1990875661856375	-3.975461268024838
1.6379678068410414e-7	0.013590352740447856	1.1990871381411472	-3.9755598107363794
1.64551307847082e-7	0.013590300174954219	1.1990867139858674	-3.9756561112059434
1.6530583501005986e-7	0.01359024684666786	1.199086293665472	-3.9757501832173023
1.6606036217303772e-7	0.0135901927540911	1.199085877126776	-3.9758420402049635
1.6681488933601558e-7	0.013590137895886704	1.1990854643177116	-3.9759316952583545
1.6756941649899345e-7	0.013590082270881808	1.1990850551872938	-3.976019161125869
1.683239436619713e-7	0.013590025878068814	1.1990846496855982	-3.9761044502187772
1.6907847082494917e-7	0.013589968716604343	1.1990842477637298	-3.9761875746150035
1.6983299798792703e-7	0.013589910785811227	1.1990838493738054	-3.976268546062778
1.705875251509049e-7	0.013589852085179929	1.1990834544689222	-3.9763473759841585
1.7134205231388275e-7	0.013589792614367692	1.199083063003138	-3.9764240754784375
1.7209657947686061e-7	0.013589732373201921	1.1990826749314452	-3.9764986553254236
1.7285110663983848e-7	0.013589671361678098	1.1990822902097478	-3.976571125988612
1.7360563380281634e-7	0.013589609579963144	1.1990819087948417	-3.976641497618238
1.743601609657942e-7	0.013589547028392641	1.1990815306443954	-3.9767097800542257
1.7511468812877206e-7	0.01358948370747464	1.1990811557169245	-3.976775982829022
1.7586921529174992e-7	0.013589419617888258	1.1990807839717774	-3.976840115170333
1.7662374245472778e-7	0.013589354760485952	1.1990804153691081	-3.9769021860037514
1.7737826961770564e-7	0.013589289136293377	1.1990800498698673	-3.9769622039552868
1.781327967806835e-7	0.01358922274650693	1.1990796874357768	-3.9770201773537974
1.7888732394366137e-7	0.013589155592499973	1.199079328029311	-3.9770761142333253
1.7964185110663923e-7	0.013589087675817143	1.1990789716136914	-3.9771300223353356
1.803963782696171e-7	0.013589018998180602	1.1990786181528517	-3.9771819091108673
1.8115090543259495e-7	0.013588949561483854	1.1990782676114375	-3.977231781722589
1.819054325955728e-7	0.01358887936779779	1.1990779199547816	-3.9772796470467706
1.8265995975855067e-7	0.013588808419366959	1.1990775751488911	-3.9773255116751627
1.8341448692152854e-7	0.013588736718612542	1.1990772331604362	-3.9773693819167955
1.841690140845064e-7	0.013588664268131745	1.199076893956729	-3.9774112637996897
1.8492354124748426e-7	0.013588591070696834	1.1990765575057112	-3.9774511630724882
1.8567806841046212e-7	0.013588517129257072	1.1990762237759442	-3.9774890852060016
1.8643259557343998e-7	0.013588442446936508	1.1990758927365943	-3.9775250353946796
1.8718712273641784e-7	0.013588367027035687	1.1990755643574154	-3.9775590185579985
1.879416498993957e-7	0.013588290873030184	1.1990752386087455	-3.9775910393417733
1.8869617706237357e-7	0.013588213988575633	1.1990749154614835	-3.9776211021193935
1.8945070422535143e-7	0.013588136377498155	1.1990745948870907	-3.9776492109929813
1.902052313883293e-7	0.013588058043805312	1.1990742768575597	-3.9776753697944773
1.9095975855130715e-7	0.01358797899167649	1.1990739613454222	-3.9776995820866503
1.91714285714285e-7	0.013587899225465353	1.1990736483237296	-3.9777218511640346
1.9246881287726287e-7	0.013587818749706987	1.1990733377660392	-3.9777421800537955
1.9322334004024073e-7	0.013587737569110926	1.1990730296464116	-3.9777605715165234
1.939778672032186e-7	0.013587655688556027	1.199072723939399	-3.9777770280469547
1.9473239436619646e-7	0.01358757311309858	1.199072420620032	-3.977791551874624
1.9548692152917432e-7	0.01358748984797659	1.1990721196638088	-3.9778041449644475
1.9624144869215218e-7	0.01358740589858952	1.1990718210466937	-3.977814809017234
1.9699597585513004e-7	0.013587321270521324	1.199071524745088	-3.9778235454701285
1.977505030181079e-7	0.013587235969519936	1.1990712307358697	-3.9778303554969856
1.9850503018108576e-7	0.013587150001520805	1.199070938996292	-3.977835240008678
1.9925955734406363e-7	0.013587063372616063	1.1990706495041281	-3.9778381996533327
2.0001408450704149e-7	0.013586976089070705	1.1990703622374412	-3.9778392348164995
2.0076861167001935e-7	0.01358688815734739	1.1990700771748197	-3.977838345621256
2.015231388329972e-7	0.013586799584063959	1.1990697942951845	-3.9778355319282377
2.0227766599597507e-7	0.013586710375979853	1.1990695135778884	-3.977830793335608
2.0303219315895293e-7	0.013586620540046439	1.1990692350026602	-3.9778241291789542
2.037867203219308e-7	0.013586530083392194	1.1990689585496057	-3.977815538531117
2.0454124748490865e-7	0.013586439013323875	1.199068684199203	-3.9778050202019566
2.0529577464788652e-7	0.01358634733729441	1.1990684119322932	-3.977792572738042
2.0605030181086438e-7	0.013586255062928577	1.1990681417300886	-3.9777781944222794
2.0680482897384224e-7	0.013586162198014744	1.1990678735741493	-3.97776188327347
2.075593561368201e-7	0.01358606875051339	1.1990676074463784	-3.9777436370457946
2.0831388329979796e-7	0.01358597472854811	1.1990673433290235	-3.977723453228234
2.0906841046277582e-7	0.013585880140404813	1.1990670812046649	-3.977701329043917
2.0982293762575368e-7	0.01358578499453057	1.1990668210562168	-3.9776772614493976
2.1057746478873155e-7	0.013585689299536075	1.1990665628669126	-3.9776512471338616
2.113319919517094e-7	0.01358559306419554	1.1990663066203073	-3.9776232825182616
2.1208651911468727e-7	0.013585496297436038	1.199066052300264	-3.97759336375438
2.1284104627766513e-7	0.013585399008349333	1.1990657998909564	-3.9775614867238187
2.13595573440643e-7	0.013585301206185403	1.1990655493768594	-3.977527647036913
2.1435010060362085e-7	0.01358520290034582	1.1990653007427448	-3.9774918400315746
2.1510462776659871e-7	0.013585104100387537	1.1990650539736778	-3.9774540607720548
2.1585915492957658e-7	0.013585004816026841	1.1990648090550098	-3.9774143040476337
2.1661368209255444e-7	0.013584905057124333	1.199064565972378	-3.977372564371231
2.173682092555323e-7	0.013584804833698092	1.199064324711696	-3.977328835977937
2.1812273641851016e-7	0.01358470415591499	1.1990640852591528	-3.9772831128234643
2.1887726358148802e-7	0.013584603034093982	1.1990638476012043	-3.9772353885825176
2.1963179074446588e-7	0.013584501478691401	1.1990636117245776	-3.9771856566470833
2.2038631790744374e-7	0.013584399500318856	1.1990633776162578	-3.9771339101246297
2.211408450704216e-7	0.013584297109728952	1.1990631452634881	-3.977080141836227
2.2189537223339947e-7	0.013584194317815304	1.1990629146537677	-3.9770243443145783
2.2264989939637733e-7	0.013584091135612271	1.1990626857748437	-3.9769665098019598
2.234044265593552e-7	0.01358398757429575	1.1990624586147132	-3.9769066302480733
2.2415895372233305e-7	0.013583883645180388	1.1990622331616108	-3.976844697307805
2.2491348088531091e-7	0.013583779359711223	1.1990620094040165	-3.9767807023388912
2.2566800804828877e-7	0.013583674729472953	1.1990617873306433	-3.9767146363994854
2.2642253521126664e-7	0.013583569766179478	1.1990615669304385	-3.97664649024563
2.271770623742445e-7	0.013583464481676475	1.1990613481925778	-3.976576254328624
2.2793158953722236e-7	0.01358335888793701	1.1990611311064638	-3.9765039187922944
2.2868611670020022e-7	0.013583252997058105	1.1990609156617247	-3.976429473470153
2.2944064386317808e-7	0.013583146821265926	1.1990607018482073	-3.9763529078824535
2.3019517102615594e-7	0.013583040372904982	1.1990604896559764	-3.9762742112331364
2.309496981891338e-7	0.013582933664442786	1.1990602790753129	-3.9761933724066583
2.3100000000000002e-7	0.013582926541576338	1.1990602650937563	-3.976187906578565
2.3175452716297788e-7	0.01358281956954382	1.1990600562216236	-3.976104770149379
2.3250905432595574e-7	0.01358271236354288	1.1990598489416397	-3.976019467544237
2.3326358148893363e-7	0.013582604936391355	1.1990596432447287	-3.9759319866468523
2.340181086519115e-7	0.01358249730102088	1.1990594391220175	-3.975842315007341
2.3477263581488935e-7	0.013582389470470075	1.1990592365648345	-3.9757504398384396
2.355271629778672e-7	0.013582281457881904	1.1990590355647097	-3.975656348011579
2.362816901408451e-7	0.013582173276505372	1.1990588361133687	-3.9755600260528348
2.3703621730382296e-7	0.013582064939687727	1.1990586382027322	-3.9754614601387295
2.3779074446680082e-7	0.013581956460874072	1.199058441824915	-3.9753606360918927
2.385452716297787e-7	0.013581847853605831	1.1990582469722233	-3.9752575393765768
2.3929979879275655e-7	0.013581739131517528	1.1990580536371491	-3.975152155094016
2.4005432595573443e-7	0.013581630308329226	1.199057861812374	-3.9750444679776322
2.408088531187123e-7	0.013581521397852271	1.1990576714907635	-3.974934462388078
2.4156338028169016e-7	0.013581412413978648	1.199057482665366	-3.9748221223081126
2.4231790744466804e-7	0.013581303370681716	1.1990572953294123	-3.9747074313373076
2.430724346076459e-7	0.013581194282012495	1.1990571094763107	-3.974590372686578
2.4382696177062377e-7	0.013581085162097445	1.19905692509965	-3.9744709291725244
2.4458148893360165e-7	0.013580976025131636	1.1990567421931928	-3.974349083211595
2.453360160965795e-7	0.013580866885379125	1.1990565607508796	-3.974224816814049
2.460905432595574e-7	0.013580757757168665	1.1990563807668204	-3.9740981115777183
2.468450704225352e-7	0.013580648654891074	1.1990562022353002	-3.9739689486815686
2.475995975855131e-7	0.013580539592991818	1.199056025150773	-3.973837308879038
2.48354124748491e-7	0.013580430585973158	1.1990558495078614	-3.973703172491162
2.491086519114688e-7	0.013580321648386528	1.1990556753013577	-3.973566519399466
2.498631790744467e-7	0.013580212794830215	1.1990555025262197	-3.973427329038623
2.506177062374246e-7	0.013580104039944859	1.1990553311775707	-3.973285580388867
2.5137223340040243e-7	0.013579995398412079	1.1990551612507	-3.9731412519681517
2.521267605633803e-7	0.013579886884946431	1.1990549927410596	-3.9729943218240513
2.528812877263582e-7	0.013579778514295324	1.1990548256442621	-3.9728447675253875
2.5363581488933604e-7	0.013579670301233651	1.1990546599560854	-3.9726925661535772
2.5439034205231393e-7	0.013579562260558661	1.1990544956724654	-3.9725376942936874
2.5514486921529177e-7	0.013579454407087781	1.1990543327895	-3.9723801280251947
2.5589939637826966e-7	0.013579346755652168	1.199054171303445	-3.9722198429124256
2.5665392354124754e-7	0.01357923932109456	1.1990540112107164	-3.9720568139946786
2.574084507042254e-7	0.013579132118263457	1.1990538525078878	-3.9718910157760097
2.5816297786720327e-7	0.013579025162010837	1.199053695191689	-3.971722422214667
2.589175050301811e-7	0.013578918467183811	1.1990535392590103	-3.9715510067121698
2.59672032193159e-7	0.01357881204862544	1.1990533847068963	-3.971376742102008
2.604265593561369e-7	0.013578705921163727	1.1990532315325495	-3.9711996006379544
2.611810865191147e-7	0.013578600099613676	1.1990530797333285	-3.9710195539819733
2.619356136820926e-7	0.01357849459876731	1.1990529293067487	-3.9708365731917104
2.626901408450705e-7	0.013578389433391872	1.1990527802504805	-3.9706506287075425
2.634446680080483e-7	0.013578284618224728	1.1990526325623523	-3.9704616903391803
2.641991951710262e-7	0.01357818016796678	1.1990524862403487	-3.9702697272517944
2.649537223340041e-7	0.013578076097279578	1.19905234128261	-3.9700747079516554
2.6570824949698193e-7	0.013577972420778918	1.1990521976874333	-3.9698766002712613
2.664627766599598e-7	0.01357786915303071	1.199052055453275	-3.9696753713539357
2.6721730382293766e-7	0.01357776630854509	1.1990519145787493	-3.9694709876378758
2.6797183098591554e-7	0.013577663901772834	1.1990517750626268	-3.969263414839623
2.6872635814889343e-7	0.013577561947097824	1.1990516369038395	-3.969052617936936
2.6948088531187127e-7	0.013577460458833972	1.199051500101478	-3.9688385611510415
2.7023541247484915e-7	0.01357735945121901	1.1990513646547958	-3.9686212079282344
2.70989939637827e-7	0.013577258938409253	1.1990512305632075	-3.9684005209207984
2.717444668008049e-7	0.013577158934474058	1.1990510978262912	-3.9681764619672273
2.7249899396378277e-7	0.01357705945339128	1.1990509664437907	-3.9679489920717
2.732535211267606e-7	0.01357696050904028	1.1990508364156147	-3.9677180713827984
2.740080482897385e-7	0.013576862115198566	1.199050707741841	-3.967483659171413
2.747625754527164e-7	0.013576764285534624	1.1990505804227174	-3.967245713807818
2.755171026156942e-7	0.013576667033603338	1.1990504544586615	-3.967004192737871
2.762716297786721e-7	0.013576570372839596	1.1990503298502682	-3.9667590524582987
2.7702615694165e-7	0.013576474316553887	1.1990502065983062	-3.966510248491028
2.777806841046278e-7	0.013576378877925822	1.1990500847037242	-3.9662577353565216
2.785352112676057e-7	0.013576284069999455	1.1990499641676517	-3.9660014665460674
2.7928973843058354e-7	0.01357618990567574	1.1990498449914044	-3.9657413944929836
2.8004426559356143e-7	0.013576096397709868	1.199049727176483	-3.965477470542673
2.807987927565393e-7	0.013576003558703463	1.199049610724583	-3.9652096449214924
2.8155331991951716e-7	0.013575911401098891	1.199049495637592	-3.9649378667043633
2.8230784708249504e-7	0.013575819937175618	1.1990493819175976	-3.9646620837810764
2.830623742454729e-7	0.013575729179041688	1.1990492695668906	-3.964382242821224
2.8381690140845077e-7	0.013575639138631537	1.1990491585879703	-3.9640982892376906
2.8457142857142865e-7	0.013575549827698425	1.1990490489835464	-3.9638101671486368
2.853259557344065e-7	0.013575461257807162	1.199048940756548	-3.9635178193378984
2.860804828973844e-7	0.01357537344033196	1.1990488339101286	-3.963221187213729
2.8683501006036226e-7	0.013575286386450709	1.1990487284476672	-3.962920210765793
2.875895372233401e-7	0.01357520010713453	1.199048624372782	-3.9626148285203326
2.88344064386318e-7	0.013575114613149855	1.1990485216893325	-3.9623049774934116
2.890985915492959e-7	0.01357502991504657	1.199048420401427	-3.961990593142132
2.898531187122737e-7	0.013574946023156488	1.1990483205134304	-3.9616716093137327
2.906076458752516e-7	0.01357486294758568	1.1990482220299743	-3.9613479581924453
2.9136217303822943e-7	0.0135747806982105	1.1990481249559648	-3.9610195702440034
2.921167002012073e-7	0.013574699284673192	1.199048029296588	-3.96068637415767
2.9287122736418516e-7	0.013574618716372963	1.1990479350573273	-3.9603482967856594
2.9362575452716304e-7	0.01357453900246582	1.1990478422439663	-3.960005263079807
2.943802816901409e-7	0.01357446015185635	1.1990477508626047	-3.9596571960253475
2.9513480885311877e-7	0.013574382173192862	1.1990476609196692	-3.9593040165716284
2.958893360160966e-7	0.013574305074864597	1.1990475724219247	-3.9589456435596055
2.966438631790745e-7	0.013574228864994216	1.1990474853764883	-3.9585819936459323
2.973983903420523e-7	0.013574153551433517	1.199047399790846	-3.958212981223452
2.981529175050302e-7	0.013574079141761609	1.1990473156728645	-3.957838518337893
2.9890744466800805e-7	0.013574005643277237	1.1990472330308084	-3.957458514600545
2.9966197183098594e-7	0.013573933062995674	1.1990471518733596	-3.9570728770966905
3.0041649899396377e-7	0.01357386140764301	1.1990470722096327	-3.956681510289532
3.0117102615694166e-7	0.013573790683654068	1.199046994049197	-3.9562843159193672
3.019255533199195e-7	0.013573720897167038	1.1990469174020948	-3.9558811928977113
3.026800804828974e-7	0.013573652054019478	1.1990468422788656	-3.9554720371960754
3.034346076458752e-7	0.01357358415974396	1.19904676869057	-3.955056741729073
3.041891348088531e-7	0.013573517219566074	1.1990466966488127	-3.9546351962315054
3.0494366197183094e-7	0.013573451238398218	1.1990466261657717	-3.954207287129053
3.0569818913480883e-7	0.013573386220838413	1.1990465572542262	-3.9537728974021773
3.0645271629778666e-7	0.01357332217116533	1.1990464899275877	-3.953331906442802
3.0720724346076455e-7	0.013573259093336365	1.1990464241999292	-3.952884189903306
3.079617706237424e-7	0.01357319699098368	1.1990463600860282	-3.9524296195373405
3.0871629778672027e-7	0.013573135867410298	1.199046297601393	-3.9519680630319365
3.094708249496981e-7	0.013573075725590017	1.1990462367623131	-3.951499383830319
3.10225352112676e-7	0.013573016568161941	1.1990461775858947	-3.951023440944821
3.1097987927565383e-7	0.013572958397430829	1.1990461200901092	-3.950540088759215
3.117344064386317e-7	0.013572901215361498	1.1990460642938434	-3.9500491768197574
3.1248893360160955e-7	0.013572845023579643	1.1990460102169467	-3.9495505496141514
3.1324346076458744e-7	0.013572789823368007	1.1990459578802934	-3.9490440463375935
3.139979879275653e-7	0.013572735615665191	1.199045907305841	-3.948529500644991
3.1475251509054316e-7	0.013572682401063957	1.199045858516689	-3.9480067403883625
3.15507042253521e-7	0.013572630179810263	1.1990458115371592	-3.947475587338349
3.162615694164989e-7	0.013572578951800545	1.19904576639286	-3.946935856888672
3.170160965794767e-7	0.013572528716581732	1.1990457231107725	-3.946387357742279
3.177706237424546e-7	0.013572479473351735	1.1990456817193353	-3.9458298915778007
3.1852515090543244e-7	0.013572431220954138	1.1990456422485365	-3.945263252694825
3.1927967806841033e-7	0.013572383957883554	1.1990456047300155	-3.9446872276363556
3.2003420523138817e-7	0.01357233768227978	1.1990455691971702	-3.9441015947866886
3.2078873239436606e-7	0.013572292391931128	1.1990455356852732	-3.9435061239427482
3.215432595573439e-7	0.01357224808427342	1.1990455042316002	-3.942900575856777
3.222977867203218e-7	0.013572204756389768	1.1990454748755668	-3.942284701748047
3.230523138832996e-7	0.013572162405010689	1.1990454476588723	-3.9416582427810547
3.238068410462775e-7	0.013572121026516617	1.1990454226256655	-3.9410209295073932
3.2456136820925534e-7	0.013572080616935319	1.199045399822716	-3.9403724812682546
3.253158953722332e-7	0.013572041171945675	1.1990453792996034	-3.939712605554165
3.2607042253521106e-7	0.013572002686877721	1.1990453611089273	-3.9390409973182567
3.2682494969818895e-7	0.013571965156713097	1.1990453453065233	-3.9383573382389607
3.275794768611668e-7	0.013571928576089042	1.1990453319517183	-3.9376612959276036
3.2833400402414467e-7	0.013571892939296192	1.1990453211075867	-3.936952523075897
3.290885311871225e-7	0.01357185824028383	1.1990453128412504	-3.9362306565377736
3.298430583501004e-7	0.013571824472660924	1.1990453072241951	-3.935495316339417
3.3059758551307823e-7	0.013571791629696968	1.199045304332619	-3.934746104610651
3.3100000000000004e-7	0.013571774488625956	1.1990453039302293	-3.934340682632793
3.312517564402811e-7	0.013367450862487367	1.1989181361320231	-3.9324199043970736
3.315035128805621e-7	0.013178955084118524	1.1987828932429352	-3.9305654210242746
3.3175526932084315e-7	0.013004517391942095	1.1986393729409155	-3.9287761148171505
3.3200702576112414e-7	0.0128426021269473	1.1984873923739807	-3.927050824884542
3.322587822014052e-7	0.012691872010639389	1.1983267891735891	-3.9253883493374517
3.325105386416862e-7	0.01255115860202632	1.1981574222662632	-3.9237874477609567
3.3276229508196726e-7	0.012419437735187715	1.1979791724781874	-3.922246843938519
3.330140515222483e-7	0.012295808997325838	1.1977919429312638	-3.920765228801998
3.3326580796252933e-7	0.012179478504238788	1.1975956592327488	-3.919341263577933
3.335175644028103e-7	0.012069744381687115	1.19739026946395	-3.9179735830985476
3.3376932084309136e-7	0.011965984478681076	1.1971757439765622	-3.9166607992444207
3.340210772833724e-7	0.0118676459305564	1.1969520750078793	-3.915401504484915
3.3427283372365343e-7	0.01177423626200596	1.1967192761284238	-3.9141942754822012
3.3452459016393447e-7	0.011685315777519646	1.196477381537358	-3.9130376767251054
3.347763466042155e-7	0.011600491032339065	1.1962264452224534	-3.911930264159908
3.3502810304449655e-7	0.011519409213653773	1.1959665400022927	-3.9108705887866906
3.3527985948477754e-7	0.0114417532912871	1.195697756468946	-3.9098572001916847
3.355316159250586e-7	0.011367237821043727	1.195420201849438	-3.9088886499883437
3.357833723653396e-7	0.01129560530336675	1.1951339988040892	-3.9079634951424342
3.3603512880562065e-7	0.011226623015890754	1.194839284179254	-3.9070803011591964
3.362868852459017e-7	0.011160080251564713	1.1945362077311232	-3.906237645113588
3.3653864168618273e-7	0.01109578590480596	1.1942249308362118	-3.905434118507629
3.367903981264637e-7	0.011033566357108024	1.1939056252029114	-3.9046683299418774
3.3704215456674475e-7	0.01097326362091763	1.1935784715971134	-3.9039389075910575
3.372939110070258e-7	0.010914733706824137	1.1932436585934991	-3.903244501476736
3.3754566744730683e-7	0.01085784518425981	1.1929013813625726	-3.9025837855326495
3.3779742388758787e-7	0.010802477910265834	1.1925518405020563	-3.901955459460858
3.380491803278689e-7	0.010748521904544568	1.1921952409197998	-3.901358250379213
3.3830093676814995e-7	0.01069587635208977	1.1918317907739524	-3.9007909142627515
3.3855269320843093e-7	0.010644448717318376	1.191461700474822	-3.900252237183469
3.3880444964871197e-7	0.010594153955829235	1.191085181751613	-3.8997410363545684
3.39056206088993e-7	0.010544913811812339	1.1907024467860992	-3.8992561609866248
3.3930796252927405e-7	0.010496656190734817	1.190313707414268	-3.8987964929642547
3.395597189695551e-7	0.010449314598302405	1.1899191743960698	-3.8983609473527685
3.398114754098361e-7	0.010402827637878496	1.1895190567526117	-3.897948472744968
3.400632318501171e-7	0.010357138559553348	1.1891135611694506	-3.8975580514587342
3.4031498829039815e-7	0.010312194854912754	1.1887028914640914	-3.897188699596349
3.405667447306792e-7	0.010267947892325676	1.1882872481152968	-3.8968394669766258
3.408185011709602e-7	0.010224352588202569	1.18786682785148	-3.896509436950916
3.4107025761124126e-7	0.010181367110230679	1.187441823295127	-3.8961977261139227
3.413220140515223e-7	0.010138952609103753	1.1870124226600378	-3.8959034839199984
3.415737704918033e-7	0.010097072975649025	1.1865788094979837	-3.895625892215292
3.4182552693208433e-7	0.010055694620652181	1.1861411624913663	-3.895364164695679
3.4207728337236537e-7	0.010014786274980779	1.1856996552883858	-3.8951175462999643
3.423290398126464e-7	0.009974318807892896	1.185254456377304	-3.894885312547335
3.4258079625292744e-7	0.009934265061658733	1.1848057289964071	-3.8946667688275047
3.428325526932085e-7	0.009894599700836896	1.1843536310764025	-3.894461249651435
3.430843091334895e-7	0.009855299074732586	1.1838983152120772	-3.8942681178699585
3.433360655737705e-7	0.009816341091731871	1.1834399286602135	-3.8940867638670644
3.4358782201405154e-7	0.00977770510434325	1.1829786133608786	-3.893916604734038
3.438395784543326e-7	0.00973937180391622	1.1825145059793942	-3.893757083430117
3.440913348946136e-7	0.009701323124104363	1.1820477379664438	-3.8936076679347837
3.4434309133489466e-7	0.009663542152247353	1.181578435633969	-3.893467850396313
3.445948477751757e-7	0.009626013047939561	1.181106720244652	-3.8933371462807003
3.448466042154567e-7	0.009588720968111782	1.1806327081129686	-3.8932150935246486
3.450983606557377e-7	0.009551651998040027	1.1801565107159633	-3.893101251695855
3.4535011709601876e-7	0.009514793087742461	1.1796782348120487	-3.8929952011634272
3.456018735362998e-7	0.0094781319932899	1.1791979825662946	-3.8928965422808983
3.4585362997658084e-7	0.009441657222596322	1.1787158516808207	-3.892804894583947
3.461053864168619e-7	0.009405357985297636	1.178231935529028	-3.892719896004623
3.463571428571429e-7	0.009369224146368801	1.17774632329256	-3.8926412021035723
3.466088992974239e-7	0.00933324618316804	1.177259100099996	-3.8925684853215023
3.4686065573770494e-7	0.009297415145613223	1.1767703471663833	-3.892501434250869
3.47112412177986e-7	0.009261722619234329	1.1762801419328366	-3.892439752928573
3.47364168618267e-7	0.009226160690869904	1.1757885582055205	-3.892383160150224
3.4761592505854806e-7	0.009190721916781698	1.1752956662934202	-3.89233138880639
3.478676814988291e-7	0.009155399293021421	1.174801533144394	-3.892284185241064
3.4811943793911013e-7	0.009120186227824113	1.1743062224790661	-3.892241308632461
3.4837119437939117e-7	0.009085076515931309	1.1738097949222017	-3.892202530396132
3.4862295081967216e-7	0.009050064314638015	1.1733123081312264	-3.8921676336102657
3.488747072599532e-7	0.009015144121469153	1.1728138169216793	-3.892136412462978
3.4912646370023423e-7	0.008980310753346918	1.172314373389359	-3.8921086717212847
3.4937822014051527e-7	0.008945559327132556	1.1718140270290165	-3.892084226221411
3.496299765807963e-7	0.00891088524146013	1.1713128248494666	-3.892062900380009
3.4988173302107735e-7	0.008876284159747366	1.1708108114850528	-3.892044527725831
3.501334894613584e-7	0.008841751994315602	1.1703080293033579	-3.8920289504513548
3.5038524590163943e-7	0.008807284891518536	1.169804518509183	-3.8920160189838224
3.506370023419204e-7	0.00877287921784309	1.1693003172447813	-3.8920055915751424
3.5088875878220145e-7	0.008738531546869065	1.168795461686299	-3.891997533910078
3.511405152224825e-7	0.008704238647028023	1.1682899861365335	-3.8919917187321333
3.5139227166276353e-7	0.008669997470240514	1.167783923114017	-3.8919880254865458
3.5164402810304457e-7	0.008635805141062521	1.1672773034384722	-3.8919863399797787
3.518957845433256e-7	0.008601658946695841	1.1667701563126704	-3.891986554054919
3.5214754098360664e-7	0.008567556327539057	1.166262509400953	-3.8919885652823853
3.523992974238877e-7	0.008533494868280733	1.1657543889042434	-3.891992276665348
3.525e-7	0.008519881354289452	1.165551002937561	-3.891994211545606
3.5305357142857145e-7	0.008445149722822662	1.1644320929176284	-3.8920093419842208
3.536071428571429e-7	0.00837058024279106	1.1633113163539686	-3.892031203460701
3.541607142857143e-7	0.008296153861782746	1.1621888845626906	-3.8920590214216793
3.5471428571428574e-7	0.008221853786651807	1.1610649848562649	-3.8920921096313634
3.552678571428572e-7	0.00814766521110236	1.1599397831534253	-3.892129860278266
3.558214285714286e-7	0.008073575077108174	1.15881342631922	-3.8921717351514347
3.5637500000000004e-7	0.00799957186573329	1.15768604425903	-3.8922172577791208
3.569285714285714e-7	0.007925645413584467	1.1565577517890413	-3.8922660064316053
3.5748214285714285e-7	0.007851786751614185	1.1554286503043663	-3.892317607898434
3.580357142857143e-7	0.007777987963458887	1.1542988292644971	-3.8923717319584514
3.585892857142857e-7	0.007704242060861554	1.1531683675142383	-3.892428086468709
3.5914285714285715e-7	0.007630542874067891	1.1520373344567716	-3.8924864130054933
3.596964285714286e-7	0.007556884955330173	1.1509057910940477	-3.8925464829973713
3.6025e-7	0.007483263493929401	1.1497737909482626	-3.8926080942962393
3.6080357142857145e-7	0.007409674241304427	1.1486413808768974	-3.8926710681379726
3.613571428571429e-7	0.007336113445061905	1.1475086017925273	-3.892735246449337
3.619107142857143e-7	0.0072625777908018364	1.1463754892974878	-3.892800489462454
3.6246428571428574e-7	0.007189064350807183	1.145242074242416	-3.89286667360226
3.630178571428572e-7	0.007115570538794811	1.1441083832167316	-3.892933689616177
3.635714285714286e-7	0.007042094069981684	1.1429744389782237	-3.8930014409185634
3.6412500000000004e-7	0.00696863292585196	1.1418402608281353	-3.893069842125562
3.646785714285714e-7	0.006895185323060064	1.1407058649373825	-3.8931388177586523
3.6523214285714285e-7	0.006821749685977036	1.1395712646288942	-3.893208301097662
3.657857142857143e-7	0.006748324622456983	1.138436470620505	-3.893278233166121
3.663392857142857e-7	0.006674908902436343	1.1373014912322177	-3.893348561833807
3.6689285714285715e-7	0.006601501439040548	1.136166332561236	-3.893419241023011
3.674464285714286e-7	0.006528101271894305	1.1350309986277112	-3.893490230006609
3.68e-7	0.006454707552383983	1.133895491493717	-3.8935614927873634
3.6855357142857145e-7	0.0063813195306390205	1.132759811357659	-3.8936329975490955
3.691071428571429e-7	0.0063079365440336915	1.1316239566259625	-3.8937047161714338
3.696607142857143e-7	0.006234558007028775	1.1304879239635885	-3.893776623800798
3.7021428571428574e-7	0.006161183402198855	1.1293517083246736	-3.893848698471122
3.707678571428572e-7	0.006087812272301374	1.1282153029643134	-3.8939209207685557
3.713214285714286e-7	0.006014444213278207	1.1270786994323005	-3.8939932735350693
3.7187500000000004e-7	0.005941078868061961	1.1259418875493834	-3.8940657416064406
3.7242857142857147e-7	0.005867715921111831	1.1248048553664385	-3.8941383115806585
3.729821428571429e-7	0.005794355093581234	1.1236675891067265	-3.894210971613204
3.735357142857143e-7	0.005720996139050799	1.1225300730912366	-3.8942837112361
3.740892857142857e-7	0.005647638839753665	1.1213922896469257	-3.894356521197977
3.7464285714285715e-7	0.005574283003246384	1.1202542189974904	-3.8944293933227043
3.751964285714286e-7	0.005500928459460541	1.1191158391361398	-3.8945023203844493
3.7575e-7	0.005427575058102787	1.1179771256796378	-3.8945752959972433
3.7630357142857145e-7	0.005354222666353923	1.1168380517027203	-3.8946483145173776
3.768571428571429e-7	0.005280871166838772	1.1156985875517962	-3.8947213709571433
3.774107142857143e-7	0.005207520455827011	1.1145587006366457	-3.894794460908587
3.7796428571428574e-7	0.005134170441649276	1.1134183551986387	-3.8948675804761312
3.785178571428572e-7	0.0050608210432937185	1.1122775120537498	-3.8949407262170213
3.790714285714286e-7	0.004987472189168148	1.1111361283084358	-3.8950138950886926
3.7962500000000004e-7	0.004914123816002116	1.1099941570461889	-3.895087084402257
3.8017857142857147e-7	0.004840775867881816	1.1088515469822722	-3.8951602917813917
3.8073214285714285e-7	0.004767428295394143	1.1077082420839002	-3.895233515126009
3.812857142857143e-7	0.004694081054870924	1.106564181152742	-3.895306752580146
3.818392857142857e-7	0.00462073410771821	1.1054192973662968	-3.8953800025035883
3.8239285714285715e-7	0.004547387419832187	1.1042735177742684	-3.8954532634467904
3.829464285714286e-7	0.004474040961070946	1.1031267627456223	-3.8955265341287126
3.835e-7	0.004400694704799103	1.1019789453614979	-3.8955998134172325
3.8405357142857145e-7	0.004327348627476948	1.1008299707486118	-3.8956731003118352
3.846071428571429e-7	0.0042540027082996965	1.0996797353470986	-3.895746393928313
3.851607142857143e-7	0.004180656928884494	1.0985281261060755	-3.8958196934852474
3.8571428571428574e-7	0.004107311272982472	1.0973750195993623	-3.895892998292058
3.862678571428572e-7	0.0040339657262354715	1.096220281052884	-3.895966307738443
3.868214285714286e-7	0.00396062027595327	1.0950637632742228	-3.8960396212850505
3.8737500000000004e-7	0.0038872749109228255	1.0939053054735728	-3.8961129384552247
3.8792857142857147e-7	0.003813929621233021	1.0927447319639951	-3.8961862588277225
3.884821428571429e-7	0.003740584398124921	1.0915818507272355	-3.8962595820302703
3.8903571428571434e-7	0.0036672392338585715	1.0904164518295734	-3.89633290773387
3.895892857142857e-7	0.003593894121594041	1.089248305670013	-3.8964062356477704
3.9014285714285715e-7	0.003520549055285667	1.0880771610406872	-3.8964795655150195
3.906964285714286e-7	0.0034472040295906803	1.0869027429764018	-3.8965528971085357
3.9125e-7	0.003373859039788764	1.0857247503669651	-3.896626230227635
3.9180357142857145e-7	0.0033005140817062148	1.084542853301907	-3.896699564694964
3.923571428571429e-7	0.003227169151656991	1.0833566901125677	-3.8967729003537848
3.929107142857143e-7	0.0031538242463813276	1.0821658640710219	-3.89684623706558
3.9346428571428574e-7	0.0030804793629994	1.0809699396987067	-3.8969195747079355
3.940178571428572e-7	0.003007134498966267	1.0797684386298754	-3.896992913172666
3.945714285714286e-7	0.0029337896520336346	1.0785608349655775	-3.8970662523641626
3.9512500000000004e-7	0.002860444820212984	1.0773465500426558	-3.89713959219793
3.9567857142857147e-7	0.0027871000017485148	1.0761249465286502	-3.8972129325992944
3.962321428571429e-7	0.0027137551950865016	1.0748953217369985	-3.897286273502262
3.967857142857143e-7	0.002640410398856164	1.0736569000368221	-3.8973596148485097
3.973392857142857e-7	0.0025670656118446924	1.0724088242069414	-3.897432956586493
3.9789285714285715e-7	0.002493720832980059	1.0711501455533508	-3.897506298670657
3.984464285714286e-7	0.00242037606131614	1.0698798125717641	-3.8975796410607417
3.99e-7	0.0023470312960172336	1.0685966578898816	-3.8976529837211653
3.9955357142857144e-7	0.0022736865363422176	1.0672993831651532	-3.8977263266204796
4.001071428571429e-7	0.002200341781639396	1.0659865415394016	-3.8977996697308894
4.006607142857143e-7	0.0021269970313302845	1.0646565171571696	-3.8978730130278283
4.0121428571428574e-7	0.0020536522849046532	1.0633075011333664	-3.8979463564895824
4.017678571428572e-7	0.0019803075419120306	1.0619374631993819	-3.898019700096958
4.023214285714286e-7	0.0019069628019547087	1.0605441180529678	-3.8980930438329877
4.0287500000000004e-7	0.001833618064680145	1.059124885169261	-3.898166387682673
4.0342857142857147e-7	0.0017602733297782487	1.0576768404748966	-3.8982397316327524
4.039821428571429e-7	0.001686928596974159	1.0561966578103625	-3.8983130756715
4.0453571428571434e-7	0.0016135838660253626	1.0546805374592922	-3.898386419788547
4.0508928571428577e-7	0.0015402391367186998	1.0531241181358786	-3.8984597639747203
4.056428571428572e-7	0.0014668944088634056	1.0515223675872936	-3.898533108221906
4.061964285714286e-7	0.0013935496822934013	1.0498694452261963	-3.8986064525229223
4.0675e-7	0.0013202049568619917	1.0481585277122072	-3.8986797968714115
4.0730357142857144e-7	0.0012468602324394243	1.0463815847612556	-3.8987531412617416
4.078571428571429e-7	0.0011735155089116415	1.0445290870530692	-3.8988264856889208
4.084107142857143e-7	0.0011001707861772049	1.0425896198995883	-3.8988998301485216
4.0896428571428574e-7	0.0010268260641474243	1.040549363588469	-3.8989731746366134
4.095178571428572e-7	0.0009534813427446702	1.0383913809878236	-3.8990465191497
4.100714285714286e-7	0.0008801366219011586	1.036094619611833	-3.89911986368467
4.1062500000000004e-7	0.0008067919015581925	1.0336324786343811	-3.8991932082387453
4.1117857142857147e-7	0.000733447181661841	1.0309706911957188	-3.899266552809442
4.117321428571429e-7	0.0006601024621679868	1.0280640873622762	-3.899339897394532
4.122857142857143e-7	0.0005867577430373716	1.024851442724902	-3.899413241992006
4.128392857142857e-7	0.0005134130242360906	1.0212468693148293	-3.899486586600047
4.1339285714285715e-7	0.00044006830573655625	1.0171245253918713	-3.8995599312170004
4.139464285714286e-7	0.00036672358751404735	1.0122892585266334	-3.899633275841348
4.145e-7	0.00029337886954972894	1.006414072803084	-3.8997066204716884
4.1505357142857144e-7	0.00022003415182630183	0.9988858987067765	-3.899779965106712
4.156071428571429e-7	0.00014668943433205129	0.9883282985376349	-3.899853309745183
4.161607142857143e-7	7.334471705874812e-5	0.9703490719121928	-3.8999266543859212
4.1671428571428574e-7	4.435871269833189e-28	3.4375913833991928e-46	-3.899999999027783
