             NaN
  -1.5555390e-06
   7.0186487e-07
   2.6326027e-06
   4.2846445e-06
   5.6996311e-06
   6.9140686e-06
   7.9573334e-06
   8.8569483e-06
   9.6347485e-06
   1.0310882e-05
   1.0899372e-05
   1.1414440e-05
   1.1866743e-05
   1.2268292e-05
   1.2625930e-05
   1.2947521e-05
   1.3236969e-05
   1.3501183e-05
   1.3744141e-05
   1.3968351e-05
   1.4177631e-05
   1.4376490e-05
   1.4563395e-05
   1.4740928e-05
   1.4914993e-05
   1.5081411e-05
   1.5242254e-05
   1.5399482e-05
   1.5552525e-05
   1.5701180e-05
   1.5844630e-05
   1.5981263e-05
   1.6108661e-05
   1.6222570e-05
   1.6316794e-05
   1.6382305e-05
   1.6405822e-05
   1.6367998e-05
   1.6240729e-05
   1.5984618e-05
   1.5538879e-05
   1.4820048e-05
   1.3707171e-05
   1.2021465e-05
   9.5087464e-06
   5.8057455e-06
   3.8344696e-07
  -7.5174505e-06
  -1.8992942e-05
  -3.5619792e-05
  -5.9667542e-05
  -9.4405860e-05
  -1.4453815e-04
  -2.1683024e-04
  -3.2101519e-04
  -4.7106704e-04
  -6.8709550e-04
  -9.9792047e-04
  -1.4449184e-03
  -2.0873807e-03
  -3.0101913e-03
  -4.3347567e-03
  -6.2344682e-03
  -8.9565826e-03
  -1.2853072e-02
  -1.8423963e-02
  -2.6378009e-02
  -3.7716696e-02
  -5.3851788e-02
  -7.6765674e-02
  -1.0923034e-01
  -1.5510606e-01
  -2.1973822e-01
  -3.1048696e-01
  -4.3741985e-01
  -6.1420322e-01
  -8.5923604e-01
  -1.1970600e+00
  -1.6600776e+00
  -2.2906137e+00
  -3.1432690e+00
  -4.2876802e+00
  -5.8115115e+00
  -7.8236661e+00
  -1.0458071e+01
  -1.3877487e+01
  -1.8278454e+01
  -2.3897126e+01
  -3.1017471e+01
  -3.9982711e+01
  -5.1212157e+01
  -6.5225707e+01
  -8.2679381e+01
  -1.0441609e+02
  -1.3153712e+02
  -1.6550097e+02
  -2.0825894e+02
  -2.6243888e+02
  -3.3159472e+02
  -4.2054283e+02
