             NaN
  -5.3451195e-06
  -2.8347805e-06
  -5.1232360e-07
   1.6354985e-06
   3.6222969e-06
   5.4612554e-06
   7.1626287e-06
   8.7385983e-06
   1.0200406e-05
   1.1554599e-05
   1.2809475e-05
   1.3974085e-05
   1.5059498e-05
   1.6063788e-05
   1.6992406e-05
   1.7847592e-05
   1.8628120e-05
   1.9331314e-05
   1.9939879e-05
   2.0435630e-05
   2.0782634e-05
   2.0920527e-05
   2.0758182e-05
   2.0158700e-05
   1.8909810e-05
   1.6716200e-05
   1.3155637e-05
   7.6735705e-06
  -4.3105022e-07
  -1.1982254e-05
  -2.7868235e-05
  -4.8942061e-05
  -7.6026972e-05
  -1.0975069e-04
  -1.5063250e-04
  -1.9918529e-04
  -2.5601224e-04
  -3.2193666e-04
  -3.9809721e-04
  -4.8600873e-04
  -5.8763628e-04
  -7.0542227e-04
  -8.4239741e-04
  -1.0022024e-03
  -1.1892418e-03
  -1.4088424e-03
  -1.6674349e-03
  -1.9728209e-03
  -2.3344982e-03
  -2.7640839e-03
  -3.2758568e-03
  -3.8874570e-03
  -4.6207937e-03
  -5.5032227e-03
  -6.5690932e-03
  -7.8617581e-03
  -9.4362206e-03
  -1.1362640e-02
  -1.3730866e-02
  -1.6656607e-02
  -2.0289250e-02
  -2.4822622e-02
  -3.0508599e-02
  -3.7675620e-02
  -4.6752363e-02
  -5.8299293e-02
  -7.3049285e-02
  -9.1960771e-02
  -1.1628631e-01
  -1.4766074e-01
  -1.8821459e-01
  -2.4071831e-01
  -3.0876477e-01
  -3.9700205e-01
  -5.1142268e-01
  -6.5972875e-01
  -8.5178421e-01
  -1.1001915e+00
  -1.4209738e+00
  -1.8344989e+00
  -2.3665003e+00
  -3.0494907e+00
  -3.9244149e+00
  -5.0427601e+00
  -6.4691244e+00
  -8.2844515e+00
  -1.0589793e+01
  -1.3511193e+01
  -1.7205164e+01
  -2.1865353e+01
  -2.7729844e+01
  -3.5089592e+01
  -4.4297291e+01
  -5.5776458e+01
  -7.0031028e+01
  -8.7652384e+01
  -1.0932758e+02
  -1.3584384e+02
  -1.6809237e+02
  -2.0707014e+02
